tutorials/hylands_real/DEMData/SRTMGL3_39.9_-105.45_40.1_-105.25.asc
ncols        240
nrows        240
xllcorner    -105.450416666684
yllcorner    39.900416666671
cellsize     0.000833333333
NODATA_value 0
[rows 114 to 151 of 240, columns 84 to 167 of 240]
1978 1966 1971 1975 1977 1974 1980 1987 2010 2029 2039 2018 1991 1987 1985 1975 1971 1971 1990 1996 1980 1965 1942 1899 1881 1878 1895 1919 1925 1916 1906 1895 1883 1869 1864 1871 1868 1860 1851 1851 1859 1863 1848 1843 1846 1854 1858 1883 1898 1887 1856 1826 1820 1816 1816 1819 1807 1803 1839 1879 1892 1880 1860 1863 1881 1869 1838 1823 1825 1838 1869 1899 1918 1936 1951 1969 1985 1986 1984 1985 1982 1989 1997 2018
1955 1954 1950 1947 1946 1945 1947 1957 1978 2002 2023 2012 1981 1956 1942 1933 1925 1932 1950 1949 1930 1915 1904 1887 1892 1884 1877 1889 1886 1879 1874 1872 1876 1883 1899 1904 1887 1871 1878 1893 1913 1924 1912 1896 1880 1862 1884 1924 1948 1930 1903 1879 1856 1845 1836 1821 1823 1838 1875 1904 1913 1895 1883 1893 1897 1869 1851 1861 1864 1851 1856 1885 1909 1927 1948 1971 1992 1987 1981 1993 2009 2024 2026 2031
1981 1976 1984 1989 1986 1974 1952 1939 1960 1989 2011 2012 1986 1951 1924 1908 1907 1906 1911 1910 1907 1916 1909 1902 1919 1918 1901 1889 1895 1909 1914 1918 1929 1923 1913 1901 1885 1888 1913 1930 1937 1940 1916 1894 1879 1891 1924 1954 1976 1982 1962 1931 1896 1881 1884 1880 1882 1899 1920 1933 1926 1915 1920 1920 1900 1874 1870 1894 1902 1882 1860 1871 1884 1899 1917 1940 1963 1970 1964 1982 2000 2014 2028 2056
2002 2006 2036 2045 2030 2002 1967 1938 1955 1976 1987 1985 1964 1923 1911 1926 1942 1937 1927 1945 1961 1979 1974 1967 1984 1988 1977 1960 1961 1973 1975 1967 1950 1937 1940 1919 1891 1899 1928 1943 1934 1919 1894 1891 1906 1929 1944 1966 1985 1996 1977 1944 1925 1932 1938 1943 1942 1950 1955 1947 1942 1949 1955 1939 1911 1887 1895 1911 1907 1880 1866 1883 1893 1900 1906 1910 1934 1949 1945 1959 1977 2001 2021 2054
2017 2023 2051 2055 2030 1995 1967 1937 1936 1942 1953 1965 1945 1916 1932 1958 1962 1973 1995 2012 2030 2047 2045 2041 2050 2041 2020 2013 2000 1990 1979 1967 1962 1961 1948 1928 1909 1905 1923 1934 1927 1906 1906 1926 1947 1967 1982 1987 2004 2014 1995 1976 1975 1988 1988 1993 1997 1995 1978 1968 1981 1991 1983 1958 1922 1899 1909 1923 1915 1888 1881 1893 1915 1937 1939 1925 1920 1928 1935 1947 1961 1989 2020 2053
2027 2036 2057 2055 2029 2006 1977 1946 1935 1930 1926 1927 1925 1928 1959 1989 1994 1987 2010 2041 2066 2090 2093 2078 2062 2044 2028 2016 2008 2001 1994 1988 1985 1978 1961 1955 1942 1921 1908 1917 1913 1907 1926 1950 1972 1990 2003 2016 2030 2035 2019 2005 2021 2040 2042 2044 2044 2034 2009 2009 2017 2019 1998 1964 1932 1913 1925 1942 1922 1897 1888 1895 1907 1928 1957 1964 1957 1954 1965 1965 1964 1980 2009 2038
2050 2044 2056 2053 2033 2007 1976 1965 1976 1987 1984 1970 1964 1970 1994 2020 2040 2033 2027 2044 2075 2103 2106 2090 2070 2059 2053 2043 2032 2019 2019 2019 2007 1991 1980 1965 1948 1934 1921 1930 1931 1921 1925 1956 1989 2012 2033 2047 2054 2047 2028 2023 2044 2074 2088 2092 2088 2074 2049 2044 2052 2035 2009 1982 1954 1937 1947 1944 1919 1907 1909 1902 1913 1925 1946 1974 1991 2001 2008 2001 1984 1977 1996 2031
2069 2062 2063 2042 2015 1994 1980 1991 2026 2046 2052 2037 2029 2034 2051 2062 2077 2088 2084 2077 2091 2114 2121 2104 2089 2088 2087 2078 2060 2049 2047 2038 2024 2011 1989 1965 1941 1948 1947 1957 1962 1938 1930 1960 1989 2013 2036 2055 2063 2056 2038 2040 2046 2072 2101 2125 2133 2121 2097 2093 2084 2059 2032 2001 1967 1956 1964 1954 1930 1930 1926 1919 1942 1950 1946 1964 1996 2020 2032 2025 2003 1997 2008 2032
2091 2092 2070 2033 2011 2017 2025 2043 2069 2092 2102 2084 2067 2066 2090 2106 2115 2131 2130 2123 2127 2146 2146 2128 2116 2116 2114 2103 2089 2074 2047 2025 2009 1995 1974 1959 1963 1979 1984 1983 1973 1952 1937 1956 1983 2008 2037 2062 2073 2072 2060 2067 2076 2082 2105 2140 2156 2157 2142 2126 2104 2084 2048 2012 1987 1986 1984 1968 1952 1951 1945 1932 1954 1979 1980 1974 1989 2016 2038 2045 2027 2017 2022 2032
2108 2116 2087 2054 2030 2037 2058 2091 2111 2133 2140 2128 2108 2101 2121 2142 2166 2176 2175 2172 2167 2168 2168 2153 2133 2129 2135 2128 2103 2071 2035 2002 1983 1977 1973 1984 1991 1996 2004 2003 1992 1970 1949 1954 1980 2003 2037 2072 2097 2100 2088 2088 2101 2107 2115 2139 2151 2146 2135 2116 2095 2069 2042 2013 2003 2002 1996 1989 1979 1979 1964 1947 1969 2002 2020 2006 1998 2018 2044 2064 2060 2044 2047 2055
2118 2131 2116 2087 2068 2059 2061 2092 2125 2156 2174 2165 2147 2140 2163 2183 2197 2207 2204 2189 2176 2159 2150 2143 2124 2119 2130 2127 2105 2071 2033 2002 1996 2008 2017 2025 2026 2027 2035 2028 2006 1976 1954 1964 1994 2024 2046 2081 2114 2131 2124 2114 2127 2138 2141 2138 2139 2128 2116 2098 2083 2060 2044 2033 2030 2023 2020 2018 2007 1985 1963 1962 1990 2030 2054 2045 2020 2027 2047 2062 2074 2084 2081 2079
2133 2147 2147 2130 2116 2105 2076 2084 2119 2161 2198 2210 2200 2192 2203 2218 2223 2217 2206 2188 2172 2160 2138 2125 2112 2098 2095 2096 2093 2074 2050 2015 2007 2032 2057 2071 2070 2057 2045 2023 2003 1977 1960 1983 2020 2057 2084 2110 2137 2155 2156 2147 2162 2172 2167 2150 2137 2124 2109 2090 2082 2082 2084 2075 2066 2054 2042 2026 2006 1981 1982 1994 2016 2049 2074 2069 2051 2047 2067 2085 2095 2099 2094 2087
2162 2169 2171 2162 2144 2112 2090 2094 2129 2170 2209 2236 2237 2234 2237 2241 2239 2225 2209 2194 2178 2164 2149 2128 2114 2093 2070 2062 2054 2048 2030 2011 2028 2061 2088 2101 2088 2067 2041 2016 1993 1979 1970 1993 2031 2068 2098 2128 2149 2173 2187 2189 2193 2195 2183 2162 2141 2121 2114 2103 2097 2111 2123 2118 2094 2062 2039 2026 2015 2002 2006 2031 2049 2061 2089 2102 2091 2074 2089 2115 2127 2121 2116 2114
2193 2176 2155 2144 2130 2103 2103 2120 2150 2181 2202 2225 2242 2253 2252 2245 2234 2219 2201 2185 2169 2156 2143 2124 2111 2101 2086 2071 2048 2027 2029 2022 2033 2068 2093 2111 2101 2072 2044 2020 2000 1984 1972 1995 2029 2057 2084 2103 2128 2157 2183 2206 2218 2217 2201 2178 2159 2143 2130 2120 2119 2131 2147 2140 2107 2080 2073 2063 2048 2030 2038 2070 2090 2089 2108 2130 2137 2126 2129 2151 2155 2146 2144 2139
2191 2166 2141 2126 2117 2115 2132 2147 2161 2181 2197 2217 2235 2251 2256 2245 2234 2220 2203 2188 2172 2158 2152 2140 2131 2124 2110 2092 2060 2038 2048 2040 2036 2061 2086 2110 2114 2088 2059 2033 2018 2002 1985 1989 2014 2032 2057 2084 2112 2142 2171 2202 2227 2227 2214 2197 2179 2160 2137 2137 2149 2158 2174 2156 2126 2128 2122 2101 2073 2058 2082 2115 2127 2132 2145 2166 2177 2172 2169 2172 2173 2160 2146 2123
2169 2156 2159 2144 2129 2144 2170 2176 2184 2207 2223 2222 2228 2246 2251 2245 2232 2220 2209 2199 2191 2179 2169 2159 2150 2136 2124 2099 2071 2045 2049 2048 2050 2071 2083 2109 2125 2111 2077 2059 2038 2015 1994 1986 1999 2019 2042 2064 2091 2127 2160 2191 2221 2236 2231 2212 2183 2159 2144 2157 2172 2186 2197 2178 2157 2167 2165 2135 2098 2091 2119 2153 2180 2188 2196 2203 2203 2194 2178 2165 2151 2138 2119 2102
2190 2185 2192 2180 2149 2158 2193 2205 2208 2223 2241 2245 2241 2237 2229 2229 2218 2202 2196 2195 2192 2183 2168 2156 2148 2128 2120 2092 2070 2064 2073 2059 2062 2089 2102 2111 2124 2113 2084 2056 2032 2018 2010 2000 2002 2035 2070 2083 2091 2118 2158 2193 2222 2250 2251 2228 2195 2167 2151 2159 2180 2197 2205 2191 2183 2190 2182 2148 2127 2134 2157 2187 2220 2231 2226 2218 2206 2192 2172 2155 2140 2128 2123 2107
2245 2231 2226 2211 2178 2165 2189 2217 2237 2246 2259 2265 2254 2235 2217 2204 2197 2187 2174 2173 2175 2164 2148 2140 2135 2125 2107 2084 2090 2108 2103 2080 2072 2093 2114 2122 2118 2103 2078 2058 2054 2049 2031 2014 2007 2036 2072 2102 2124 2151 2180 2206 2243 2272 2265 2234 2203 2172 2159 2171 2190 2210 2213 2201 2197 2206 2197 2174 2154 2168 2197 2225 2239 2241 2231 2220 2208 2195 2183 2169 2154 2140 2122 2107
2280 2271 2255 2235 2206 2185 2190 2220 2251 2267 2277 2275 2253 2235 2215 2195 2175 2163 2157 2149 2146 2140 2131 2125 2119 2118 2110 2099 2114 2135 2127 2093 2078 2103 2121 2131 2127 2124 2109 2097 2088 2068 2051 2031 2018 2022 2054 2089 2124 2153 2177 2206 2238 2273 2268 2239 2205 2176 2173 2192 2214 2231 2231 2220 2212 2221 2221 2209 2194 2196 2226 2252 2257 2253 2245 2231 2224 2214 2201 2185 2167 2144 2119 2127
2318 2304 2282 2248 2221 2199 2208 2238 2261 2267 2274 2265 2247 2227 2204 2185 2174 2165 2160 2154 2153 2145 2140 2142 2136 2124 2110 2121 2144 2147 2129 2103 2093 2120 2150 2155 2155 2160 2152 2131 2107 2087 2066 2047 2039 2031 2050 2082 2112 2129 2146 2171 2206 2246 2266 2253 2220 2195 2181 2200 2226 2243 2247 2239 2232 2235 2242 2247 2236 2222 2241 2260 2264 2261 2249 2239 2232 2225 2204 2182 2163 2142 2129 2136
2353 2336 2303 2270 2238 2212 2215 2244 2261 2261 2256 2250 2237 2220 2206 2204 2195 2185 2179 2187 2182 2166 2159 2173 2172 2153 2138 2149 2159 2153 2130 2108 2122 2153 2181 2194 2190 2194 2173 2151 2131 2106 2079 2063 2058 2041 2047 2071 2088 2096 2116 2146 2181 2221 2250 2261 2244 2220 2198 2199 2220 2244 2262 2264 2254 2249 2254 2267 2257 2239 2246 2265 2270 2262 2255 2245 2230 2211 2193 2170 2153 2143 2138 2143
2367 2347 2321 2293 2262 2242 2236 2256 2266 2257 2246 2232 2225 2224 2236 2232 2216 2200 2203 2210 2197 2181 2179 2197 2200 2194 2179 2181 2173 2157 2132 2123 2138 2173 2204 2217 2212 2213 2198 2170 2145 2120 2093 2092 2095 2066 2052 2070 2103 2126 2134 2142 2167 2199 2240 2276 2281 2252 2227 2208 2220 2247 2268 2281 2277 2265 2267 2280 2271 2256 2254 2266 2274 2269 2263 2249 2232 2203 2177 2165 2165 2158 2161 2165
2371 2358 2346 2331 2301 2275 2271 2278 2269 2250 2244 2243 2244 2255 2259 2244 2224 2222 2227 2223 2213 2203 2201 2218 2229 2228 2225 2211 2192 2177 2150 2146 2159 2189 2227 2242 2237 2238 2223 2196 2174 2143 2114 2118 2118 2088 2070 2093 2126 2157 2175 2184 2190 2206 2238 2283 2308 2290 2262 2239 2230 2243 2258 2274 2288 2292 2300 2306 2294 2279 2278 2278 2282 2273 2259 2241 2215 2193 2181 2185 2181 2178 2191 2193
2393 2381 2368 2352 2333 2308 2297 2292 2274 2258 2262 2272 2272 2276 2270 2248 2242 2255 2260 2249 2244 2235 2227 2243 2256 2258 2253 2240 2222 2200 2175 2176 2195 2211 2239 2264 2272 2263 2242 2217 2192 2161 2137 2144 2134 2099 2081 2087 2110 2145 2180 2207 2228 2248 2260 2295 2325 2309 2277 2259 2256 2257 2262 2285 2311 2325 2334 2335 2318 2304 2296 2296 2291 2272 2247 2228 2215 2207 2212 2209 2196 2202 2223 2221
2430 2417 2394 2373 2356 2341 2324 2304 2288 2275 2278 2288 2293 2295 2293 2275 2271 2283 2288 2279 2275 2262 2252 2263 2276 2280 2276 2263 2235 2203 2193 2215 2232 2233 2242 2268 2286 2284 2260 2232 2214 2193 2178 2168 2148 2133 2117 2102 2105 2130 2166 2205 2234 2269 2304 2332 2348 2330 2305 2293 2298 2295 2297 2315 2328 2343 2355 2353 2339 2324 2320 2318 2305 2280 2253 2245 2256 2248 2242 2233 2219 2215 2245 2255
2464 2451 2428 2410 2393 2369 2337 2312 2292 2279 2285 2305 2317 2319 2319 2307 2300 2313 2316 2313 2303 2290 2286 2289 2301 2311 2304 2281 2247 2222 2217 2238 2262 2267 2257 2265 2283 2296 2288 2265 2251 2235 2219 2196 2184 2185 2163 2133 2129 2140 2160 2188 2221 2258 2301 2334 2361 2358 2346 2341 2348 2340 2337 2349 2347 2351 2354 2354 2345 2336 2338 2341 2321 2300 2282 2283 2297 2284 2267 2259 2242 2239 2262 2283
2508 2492 2477 2458 2430 2394 2358 2330 2308 2302 2301 2316 2340 2350 2348 2335 2341 2354 2355 2360 2338 2324 2329 2332 2337 2342 2335 2304 2270 2245 2239 2248 2269 2291 2289 2278 2283 2287 2298 2300 2293 2286 2262 2239 2236 2221 2184 2149 2147 2174 2194 2216 2241 2258 2285 2321 2354 2371 2372 2367 2363 2359 2354 2357 2353 2354 2355 2353 2349 2348 2346 2342 2336 2325 2310 2316 2329 2319 2303 2294 2272 2273 2290 2309
2538 2528 2509 2484 2450 2417 2381 2351 2334 2340 2341 2338 2346 2369 2379 2382 2389 2398 2407 2405 2383 2375 2378 2386 2392 2388 2369 2327 2295 2279 2275 2279 2290 2310 2317 2310 2309 2297 2300 2314 2324 2328 2309 2287 2267 2229 2191 2176 2183 2189 2212 2248 2274 2284 2288 2309 2334 2361 2368 2365 2360 2353 2350 2349 2348 2348 2349 2350 2348 2346 2338 2339 2337 2335 2329 2329 2332 2333 2336 2328 2313 2314 2323 2335
2544 2528 2513 2492 2459 2425 2391 2380 2378 2386 2389 2373 2366 2382 2406 2425 2432 2438 2440 2439 2431 2423 2425 2435 2443 2431 2408 2368 2344 2326 2318 2323 2335 2345 2341 2336 2324 2311 2306 2316 2329 2339 2332 2308 2274 2234 2199 2220 2244 2225 2217 2238 2261 2284 2309 2325 2338 2357 2365 2361 2356 2351 2345 2341 2340 2340 2340 2338 2333 2329 2326 2328 2327 2319 2320 2317 2321 2332 2342 2341 2331 2324 2330 2332
2550 2531 2512 2490 2464 2434 2422 2429 2433 2440 2432 2416 2400 2394 2405 2432 2452 2458 2451 2447 2443 2442 2449 2460 2473 2470 2448 2418 2402 2389 2381 2381 2393 2387 2369 2356 2347 2340 2329 2327 2338 2347 2328 2300 2274 2244 2237 2264 2273 2252 2246 2265 2275 2293 2316 2339 2349 2359 2366 2362 2355 2354 2349 2347 2344 2332 2325 2320 2318 2317 2315 2308 2306 2300 2301 2305 2312 2325 2333 2324 2320 2312 2310 2316
2561 2545 2529 2504 2477 2455 2446 2454 2467 2487 2480 2458 2436 2420 2421 2432 2444 2451 2445 2433 2431 2437 2451 2466 2485 2491 2482 2465 2456 2451 2447 2442 2440 2421 2406 2399 2391 2376 2363 2354 2359 2353 2327 2294 2267 2258 2277 2299 2298 2273 2271 2297 2319 2333 2336 2347 2355 2360 2362 2363 2358 2354 2352 2349 2345 2333 2325 2319 2310 2309 2305 2301 2292 2285 2285 2287 2301 2314 2314 2313 2312 2296 2294 2302
2578 2570 2553 2533 2508 2485 2477 2484 2503 2521 2525 2505 2484 2465 2449 2451 2443 2436 2430 2422 2418 2427 2446 2458 2476 2488 2488 2481 2468 2464 2458 2451 2448 2442 2439 2438 2426 2411 2400 2387 2381 2360 2333 2298 2280 2284 2314 2328 2317 2291 2289 2312 2342 2352 2355 2357 2359 2357 2355 2357 2357 2354 2352 2347 2342 2335 2331 2332 2325 2324 2319 2321 2316 2302 2291 2282 2284 2292 2299 2304 2296 2283 2285 2285
2585 2576 2564 2549 2534 2521 2513 2523 2538 2547 2550 2544 2528 2502 2481 2462 2445 2432 2415 2411 2409 2412 2423 2435 2449 2457 2460 2458 2443 2434 2431 2428 2431 2440 2447 2450 2446 2434 2421 2408 2397 2378 2360 2337 2310 2306 2332 2348 2343 2324 2327 2337 2348 2352 2356 2364 2365 2364 2359 2356 2358 2355 2352 2349 2345 2343 2342 2340 2336 2336 2333 2332 2334 2328 2315 2292 2270 2269 2282 2287 2275 2264 2277 2272
2592 2589 2582 2572 2562 2556 2544 2547 2565 2573 2567 2561 2546 2526 2505 2480 2456 2434 2420 2412 2401 2397 2400 2409 2417 2419 2421 2422 2417 2407 2405 2407 2416 2429 2445 2457 2455 2446 2435 2425 2410 2397 2380 2359 2341 2342 2356 2368 2367 2361 2359 2364 2364 2360 2361 2365 2364 2359 2362 2356 2351 2348 2357 2356 2353 2348 2345 2343 2342 2344 2344 2342 2338 2332 2318 2303 2288 2269 2258 2256 2249 2250 2258 2252
2606 2603 2595 2585 2578 2569 2562 2560 2563 2563 2563 2558 2549 2539 2520 2501 2475 2458 2445 2428 2414 2396 2384 2387 2390 2387 2388 2391 2393 2392 2393 2400 2417 2430 2444 2453 2456 2452 2443 2431 2421 2408 2390 2386 2384 2384 2392 2393 2388 2382 2382 2381 2377 2372 2369 2366 2360 2354 2357 2355 2338 2336 2357 2363 2354 2343 2339 2332 2331 2340 2350 2345 2337 2328 2321 2306 2290 2272 2259 2263 2261 2252 2241 2233
2610 2607 2601 2594 2588 2579 2573 2570 2567 2563 2560 2555 2549 2544 2539 2524 2504 2488 2467 2438 2415 2401 2390 2377 2372 2367 2369 2374 2376 2378 2382 2395 2412 2427 2435 2439 2443 2442 2442 2434 2423 2413 2404 2406 2411 2413 2410 2408 2404 2399 2397 2391 2389 2381 2373 2368 2355 2340 2329 2324 2314 2322 2341 2356 2351 2333 2320 2315 2315 2328 2338 2333 2338 2333 2326 2313 2299 2281 2283 2294 2294 2287 2271 2254
2606 2603 2600 2596 2594 2588 2577 2573 2566 2561 2556 2551 2546 2541 2538 2535 2526 2509 2480 2448 2421 2408 2395 2383 2371 2362 2354 2356 2362 2366 2374 2385 2399 2408 2413 2419 2428 2437 2437 2428 2420 2416 2415 2419 2418 2418 2414 2409 2406 2404 2401 2397 2390 2386 2383 2379 2365 2349 2332 2311 2292 2297 2315 2327 2333 2320 2303 2299 2305 2324 2334 2323 2324 2323 2318 2319 2312 2307 2306 2317 2315 2298 2276 2268
2596 2589 2586 2587 2592 2584 2573 2565 2559 2550 2539 2537 2540 2535 2533 2541 2544 2523 2493 2460 2432 2415 2401 2389 2376 2363 2357 2346 2349 2351 2357 2362 2368 2383 2388 2397 2418 2434 2426 2412 2409 2412 2413 2416 2413 2406 2399 2400 2401 2405 2406 2402 2396 2394 2389 2386 2375 2359 2341 2316 2285 2274 2285 2302 2306 2298 2287 2294 2309 2330 2335 2316 2303 2303 2313 2328 2332 2332 2333 2331 2319 2306 2286 2266
