tutorials/hylands_real/DEMData/SRTMGL3_39.9_-105.45_40.1_-105.25.asc
ncols        240
nrows        240
xllcorner    -105.450416666684
yllcorner    39.900416666671
cellsize     0.000833333333
NODATA_value 0
[rows 114 to 151 of 240, columns 0 to 83 of 240]
2425 2445 2469 2485 2494 2493 2486 2473 2465 2467 2477 2490 2498 2484 2461 2439 2417 2399 2382 2374 2364 2333 2340 2359 2342 2311 2303 2314 2327 2340 2359 2369 2365 2374 2405 2431 2432 2425 2410 2397 2380 2361 2351 2355 2362 2352 2330 2310 2283 2250 2217 2177 2135 2126 2143 2167 2186 2179 2164 2163 2156 2168 2195 2223 2247 2249 2244 2236 2244 2254 2252 2263 2256 2240 2215 2180 2132 2085 2039 2012 2004 2011 2010 1996
2475 2493 2507 2515 2507 2496 2483 2476 2474 2484 2498 2518 2523 2505 2479 2449 2422 2395 2380 2373 2359 2327 2329 2339 2335 2314 2305 2334 2365 2386 2411 2430 2430 2440 2453 2464 2456 2443 2422 2402 2372 2345 2328 2331 2338 2326 2303 2278 2242 2213 2177 2140 2127 2127 2124 2110 2120 2134 2125 2114 2103 2107 2133 2156 2175 2180 2175 2173 2175 2197 2202 2213 2239 2265 2248 2211 2161 2115 2069 2021 1992 1979 1967 1960
2508 2514 2520 2515 2496 2476 2463 2456 2462 2480 2494 2511 2518 2502 2474 2444 2414 2382 2356 2337 2326 2316 2310 2312 2309 2303 2319 2356 2398 2429 2452 2470 2482 2487 2492 2489 2476 2453 2428 2393 2358 2329 2306 2300 2301 2280 2259 2226 2188 2157 2140 2150 2192 2205 2182 2155 2124 2113 2102 2096 2090 2081 2082 2088 2094 2109 2107 2106 2113 2130 2147 2155 2170 2204 2244 2223 2181 2133 2089 2038 1997 1969 1963 1977
2526 2524 2516 2501 2478 2449 2434 2434 2446 2460 2474 2485 2490 2484 2452 2418 2388 2358 2330 2315 2314 2320 2334 2341 2343 2347 2357 2385 2420 2452 2479 2496 2506 2507 2503 2501 2481 2454 2427 2393 2352 2317 2282 2256 2239 2214 2187 2167 2153 2176 2205 2218 2243 2258 2241 2203 2180 2175 2162 2165 2157 2131 2108 2091 2078 2072 2068 2058 2058 2071 2091 2094 2106 2118 2165 2195 2181 2143 2098 2052 2005 1971 1971 1996
2529 2523 2504 2482 2459 2435 2412 2411 2421 2425 2442 2455 2458 2456 2435 2406 2366 2337 2324 2320 2318 2344 2378 2392 2399 2400 2397 2401 2430 2459 2485 2503 2506 2505 2498 2493 2481 2463 2434 2398 2357 2322 2286 2239 2202 2181 2189 2206 2230 2262 2275 2287 2307 2315 2293 2255 2252 2258 2258 2237 2223 2194 2167 2147 2146 2137 2126 2110 2090 2065 2047 2041 2049 2057 2077 2127 2157 2134 2098 2053 2008 1971 1981 2001
2513 2505 2494 2479 2462 2450 2428 2400 2387 2386 2404 2413 2416 2407 2401 2382 2351 2327 2322 2322 2333 2367 2399 2419 2429 2433 2433 2430 2447 2467 2485 2492 2491 2482 2472 2464 2456 2444 2426 2401 2374 2335 2295 2244 2209 2225 2258 2262 2268 2293 2318 2346 2359 2352 2331 2321 2327 2322 2312 2290 2261 2238 2221 2213 2208 2200 2191 2171 2147 2125 2095 2063 2053 2040 2030 2054 2096 2101 2069 2040 1986 1981 2004 2024
2480 2478 2481 2467 2442 2436 2435 2414 2385 2360 2363 2364 2367 2360 2354 2345 2331 2325 2326 2337 2350 2370 2390 2406 2416 2428 2442 2448 2461 2470 2474 2477 2467 2453 2435 2422 2413 2405 2398 2391 2377 2353 2317 2262 2216 2218 2261 2292 2304 2316 2343 2372 2384 2374 2362 2354 2359 2358 2345 2322 2293 2280 2286 2282 2268 2251 2238 2228 2213 2186 2146 2121 2106 2093 2052 2018 2022 2047 2029 2007 1988 2012 2049 2065
2451 2467 2464 2442 2415 2405 2405 2391 2367 2346 2340 2339 2339 2335 2334 2333 2334 2341 2357 2377 2387 2389 2389 2396 2408 2424 2437 2449 2458 2465 2467 2465 2452 2429 2402 2385 2373 2361 2350 2340 2349 2356 2326 2264 2223 2222 2270 2312 2336 2346 2366 2391 2399 2389 2384 2381 2380 2380 2371 2345 2322 2331 2335 2330 2322 2304 2288 2278 2259 2224 2191 2168 2153 2118 2077 2040 2028 2028 2026 2023 2035 2066 2096 2092
2425 2439 2445 2424 2389 2365 2359 2355 2351 2353 2370 2367 2364 2369 2376 2363 2356 2373 2397 2419 2435 2435 2421 2414 2428 2443 2447 2459 2460 2462 2463 2462 2447 2427 2405 2376 2345 2313 2288 2286 2297 2324 2305 2248 2221 2258 2300 2334 2361 2379 2384 2395 2404 2401 2398 2400 2399 2395 2388 2368 2357 2368 2377 2368 2352 2337 2329 2316 2292 2255 2229 2208 2181 2150 2123 2101 2088 2084 2088 2088 2092 2114 2118 2093
2391 2395 2402 2400 2373 2352 2368 2378 2380 2388 2411 2422 2420 2424 2409 2378 2381 2407 2432 2461 2473 2463 2440 2430 2439 2453 2467 2472 2468 2471 2470 2459 2439 2421 2401 2367 2330 2280 2262 2257 2247 2266 2265 2240 2246 2278 2320 2355 2386 2410 2413 2413 2415 2412 2408 2409 2412 2411 2403 2393 2391 2402 2416 2400 2375 2362 2360 2352 2326 2293 2260 2238 2220 2199 2184 2170 2165 2158 2151 2154 2150 2137 2119 2099
2371 2370 2373 2369 2357 2364 2393 2415 2423 2433 2456 2467 2469 2460 2428 2407 2414 2437 2467 2491 2490 2473 2454 2444 2442 2449 2458 2466 2472 2478 2468 2450 2425 2396 2373 2345 2304 2265 2294 2319 2282 2268 2269 2299 2326 2349 2373 2390 2406 2421 2424 2425 2427 2424 2423 2423 2425 2421 2420 2423 2426 2430 2432 2424 2413 2403 2391 2370 2344 2318 2300 2284 2270 2252 2237 2232 2223 2212 2200 2189 2167 2143 2121 2115
2395 2395 2384 2366 2361 2374 2401 2432 2451 2470 2490 2498 2495 2481 2464 2447 2447 2465 2493 2512 2501 2474 2456 2447 2441 2443 2451 2456 2465 2469 2460 2439 2419 2391 2371 2333 2288 2274 2306 2341 2351 2348 2349 2368 2382 2406 2421 2429 2434 2435 2438 2438 2442 2442 2442 2443 2443 2441 2447 2454 2451 2444 2441 2440 2439 2430 2413 2388 2361 2341 2333 2320 2304 2293 2284 2278 2265 2237 2206 2179 2152 2144 2147 2140
2420 2406 2396 2390 2382 2382 2407 2432 2454 2473 2486 2493 2497 2502 2495 2480 2475 2492 2516 2527 2501 2473 2453 2443 2431 2431 2436 2443 2449 2453 2448 2441 2426 2404 2385 2351 2318 2291 2288 2308 2345 2378 2404 2413 2423 2434 2444 2451 2457 2462 2464 2461 2463 2461 2460 2462 2462 2464 2468 2466 2459 2446 2434 2431 2425 2419 2410 2393 2374 2360 2353 2348 2339 2331 2320 2307 2285 2252 2215 2184 2172 2183 2183 2169
2430 2426 2423 2421 2404 2392 2402 2425 2450 2460 2469 2475 2485 2497 2504 2503 2499 2508 2516 2519 2496 2465 2446 2432 2423 2420 2418 2423 2428 2431 2433 2436 2429 2409 2399 2390 2368 2345 2305 2285 2304 2345 2374 2397 2416 2435 2447 2450 2457 2467 2469 2468 2473 2475 2481 2485 2484 2483 2475 2460 2451 2443 2433 2424 2416 2408 2400 2387 2378 2359 2359 2367 2368 2354 2339 2314 2278 2243 2209 2196 2212 2222 2217 2211
2458 2457 2453 2449 2441 2423 2408 2416 2434 2445 2459 2469 2479 2493 2502 2506 2496 2499 2506 2504 2484 2457 2437 2422 2410 2403 2400 2402 2405 2405 2419 2425 2421 2418 2413 2401 2391 2381 2354 2310 2295 2320 2354 2380 2403 2421 2432 2433 2442 2453 2465 2475 2485 2495 2500 2496 2487 2477 2466 2455 2449 2443 2440 2439 2430 2417 2408 2396 2383 2362 2348 2356 2356 2339 2320 2296 2262 2234 2233 2240 2248 2242 2234 2220
2482 2479 2477 2473 2464 2449 2428 2426 2444 2458 2470 2473 2473 2481 2487 2486 2474 2472 2486 2492 2475 2457 2434 2414 2395 2381 2378 2384 2382 2377 2394 2400 2401 2401 2401 2390 2366 2346 2340 2308 2309 2347 2376 2397 2416 2425 2436 2447 2457 2469 2480 2494 2510 2514 2512 2502 2493 2485 2471 2464 2459 2454 2444 2437 2424 2401 2388 2379 2369 2353 2339 2326 2318 2301 2290 2276 2264 2266 2279 2273 2248 2226 2209 2190
2502 2498 2494 2488 2478 2456 2443 2449 2464 2475 2475 2474 2470 2466 2462 2466 2457 2447 2459 2468 2454 2438 2430 2408 2385 2368 2357 2360 2354 2345 2350 2361 2368 2366 2360 2346 2327 2310 2315 2317 2339 2369 2403 2423 2439 2456 2468 2477 2490 2499 2509 2516 2524 2528 2523 2512 2500 2489 2484 2476 2465 2453 2437 2427 2422 2419 2416 2403 2391 2372 2348 2328 2313 2306 2308 2307 2308 2309 2298 2272 2241 2211 2201 2203
2518 2513 2505 2499 2487 2461 2462 2474 2478 2479 2465 2449 2444 2442 2437 2441 2433 2418 2430 2436 2427 2412 2414 2403 2375 2358 2346 2339 2330 2316 2313 2321 2330 2329 2319 2309 2310 2328 2357 2376 2393 2411 2428 2449 2464 2475 2490 2506 2512 2519 2522 2526 2525 2516 2506 2497 2491 2478 2472 2464 2459 2454 2454 2451 2452 2449 2437 2423 2407 2379 2355 2348 2343 2348 2358 2356 2348 2329 2297 2260 2232 2222 2238 2249
2515 2511 2504 2498 2487 2476 2488 2495 2493 2487 2462 2433 2419 2413 2417 2424 2412 2391 2398 2397 2395 2389 2397 2395 2378 2360 2333 2316 2307 2307 2312 2318 2320 2315 2322 2331 2345 2374 2402 2420 2435 2453 2465 2482 2497 2506 2516 2520 2520 2518 2516 2514 2509 2500 2491 2482 2477 2471 2467 2461 2466 2470 2471 2469 2469 2461 2450 2434 2414 2388 2375 2382 2378 2383 2386 2377 2362 2340 2309 2270 2242 2242 2265 2282
2511 2502 2495 2489 2488 2493 2497 2500 2499 2496 2474 2440 2406 2389 2406 2418 2404 2367 2355 2352 2361 2367 2376 2379 2372 2353 2321 2305 2315 2336 2362 2373 2371 2372 2389 2397 2395 2411 2432 2448 2464 2482 2498 2513 2523 2532 2532 2528 2520 2515 2509 2502 2497 2493 2489 2484 2480 2477 2471 2468 2471 2476 2476 2472 2468 2460 2450 2433 2416 2403 2402 2410 2408 2400 2385 2364 2347 2327 2302 2276 2275 2288 2302 2317
2509 2506 2501 2502 2504 2503 2500 2497 2494 2486 2455 2418 2382 2372 2391 2398 2373 2339 2325 2325 2330 2332 2338 2342 2336 2324 2313 2315 2330 2364 2404 2428 2436 2440 2451 2455 2450 2452 2461 2474 2488 2500 2512 2523 2528 2528 2524 2517 2512 2506 2502 2498 2494 2492 2490 2486 2483 2480 2480 2476 2475 2478 2476 2475 2472 2465 2455 2446 2444 2441 2434 2429 2410 2387 2368 2351 2334 2317 2311 2313 2330 2340 2345 2351
2519 2517 2519 2519 2512 2502 2494 2477 2469 2451 2416 2376 2349 2347 2368 2365 2339 2329 2342 2343 2337 2337 2330 2329 2323 2322 2319 2326 2349 2379 2423 2458 2479 2490 2495 2495 2493 2493 2495 2497 2504 2508 2512 2517 2518 2517 2512 2509 2507 2505 2500 2498 2494 2489 2489 2488 2487 2488 2487 2487 2488 2487 2484 2485 2486 2477 2477 2477 2471 2464 2456 2442 2418 2392 2378 2376 2367 2355 2353 2364 2374 2379 2378 2375
2513 2512 2512 2510 2500 2481 2464 2449 2436 2417 2385 2350 2346 2358 2352 2348 2344 2360 2374 2359 2369 2385 2377 2376 2369 2369 2356 2344 2364 2394 2431 2465 2491 2513 2517 2519 2523 2521 2521 2519 2521 2521 2521 2520 2514 2511 2508 2506 2503 2503 2501 2496 2494 2492 2491 2492 2497 2498 2499 2500 2500 2501 2501 2504 2501 2501 2499 2497 2486 2482 2472 2461 2437 2404 2397 2410 2407 2390 2392 2403 2411 2404 2394 2381
2492 2493 2497 2491 2487 2465 2442 2424 2399 2374 2352 2354 2387 2405 2402 2398 2402 2408 2401 2374 2383 2413 2423 2423 2423 2417 2397 2377 2374 2395 2421 2455 2481 2501 2513 2518 2522 2524 2521 2521 2517 2514 2513 2511 2506 2501 2500 2499 2498 2496 2496 2490 2486 2490 2492 2495 2503 2508 2509 2508 2509 2511 2518 2521 2521 2517 2513 2509 2505 2496 2481 2465 2444 2419 2412 2428 2434 2431 2433 2436 2439 2420 2406 2397
2456 2468 2484 2488 2475 2448 2431 2397 2370 2349 2367 2396 2423 2446 2454 2452 2446 2435 2420 2397 2390 2414 2439 2453 2459 2452 2429 2400 2401 2417 2431 2448 2467 2489 2506 2512 2513 2514 2513 2509 2506 2500 2497 2500 2497 2494 2488 2487 2488 2488 2485 2485 2481 2484 2488 2490 2495 2500 2502 2507 2516 2528 2539 2540 2539 2535 2531 2525 2515 2506 2498 2487 2472 2445 2438 2453 2470 2474 2477 2473 2463 2443 2428 2428
2416 2431 2453 2465 2447 2410 2387 2362 2348 2369 2404 2439 2467 2483 2492 2495 2478 2453 2431 2414 2410 2422 2436 2457 2472 2479 2454 2428 2429 2445 2465 2474 2477 2486 2498 2502 2500 2500 2498 2497 2495 2493 2492 2487 2486 2482 2477 2475 2475 2477 2478 2474 2476 2479 2478 2482 2487 2497 2500 2510 2523 2538 2548 2551 2550 2550 2548 2541 2534 2528 2521 2518 2504 2482 2472 2479 2497 2514 2519 2509 2494 2481 2467 2471
2374 2384 2404 2415 2396 2368 2355 2351 2371 2405 2443 2474 2500 2513 2516 2505 2484 2459 2436 2434 2442 2444 2444 2463 2481 2494 2483 2463 2449 2462 2484 2499 2501 2494 2495 2494 2492 2491 2488 2484 2482 2482 2480 2477 2472 2472 2468 2465 2464 2464 2463 2463 2465 2464 2469 2480 2483 2491 2496 2504 2514 2533 2550 2558 2559 2564 2563 2564 2556 2548 2544 2537 2528 2513 2506 2511 2517 2538 2551 2547 2533 2525 2516 2515
2369 2368 2368 2368 2355 2350 2350 2369 2392 2427 2461 2487 2506 2521 2530 2518 2492 2466 2448 2457 2469 2472 2473 2487 2500 2510 2509 2489 2482 2494 2508 2514 2516 2507 2501 2498 2492 2488 2483 2476 2474 2469 2466 2470 2467 2466 2459 2457 2454 2452 2453 2456 2457 2458 2463 2468 2475 2479 2487 2494 2501 2513 2527 2532 2539 2554 2561 2565 2563 2563 2562 2560 2553 2539 2531 2539 2547 2562 2579 2583 2575 2568 2564 2553
2419 2407 2398 2395 2382 2370 2382 2399 2417 2434 2455 2474 2492 2514 2523 2520 2497 2475 2468 2482 2499 2500 2507 2520 2527 2533 2528 2521 2517 2526 2526 2530 2525 2517 2509 2502 2495 2489 2487 2480 2475 2471 2467 2463 2460 2460 2457 2454 2449 2447 2448 2449 2451 2452 2451 2454 2467 2469 2474 2479 2485 2490 2498 2502 2511 2526 2539 2551 2559 2562 2567 2573 2575 2571 2570 2574 2578 2585 2597 2606 2604 2598 2583 2563
2461 2461 2454 2439 2405 2390 2414 2432 2449 2459 2473 2484 2496 2511 2521 2522 2503 2489 2490 2497 2520 2531 2531 2540 2554 2558 2555 2551 2547 2552 2549 2541 2529 2521 2513 2506 2499 2493 2487 2483 2479 2476 2472 2466 2458 2455 2451 2449 2446 2442 2442 2444 2446 2449 2447 2449 2457 2463 2465 2468 2474 2478 2484 2485 2489 2505 2522 2549 2566 2572 2577 2582 2589 2590 2592 2594 2595 2599 2604 2608 2608 2601 2586 2567
2477 2479 2470 2442 2409 2410 2431 2455 2478 2490 2507 2519 2527 2538 2545 2543 2523 2516 2519 2527 2542 2553 2558 2558 2570 2575 2575 2569 2563 2561 2559 2557 2550 2543 2532 2517 2509 2497 2492 2488 2480 2478 2476 2467 2459 2456 2450 2449 2450 2440 2439 2438 2437 2437 2439 2442 2445 2453 2457 2458 2462 2467 2469 2471 2488 2510 2543 2567 2575 2579 2581 2582 2586 2590 2592 2593 2598 2607 2613 2610 2604 2598 2587 2574
2489 2486 2475 2447 2421 2422 2444 2462 2486 2502 2518 2535 2550 2566 2575 2562 2550 2547 2553 2566 2573 2578 2580 2583 2587 2589 2589 2582 2573 2571 2569 2571 2570 2566 2552 2537 2522 2508 2501 2494 2488 2482 2478 2469 2465 2462 2458 2451 2447 2444 2438 2435 2433 2433 2431 2437 2444 2445 2444 2449 2451 2452 2459 2474 2494 2515 2543 2560 2562 2564 2568 2578 2584 2584 2582 2589 2603 2611 2616 2616 2610 2599 2595 2584
2506 2499 2481 2451 2434 2438 2454 2471 2491 2507 2521 2539 2562 2581 2595 2590 2578 2574 2583 2593 2596 2597 2595 2597 2593 2586 2586 2583 2582 2578 2579 2588 2595 2585 2567 2546 2533 2517 2509 2499 2490 2486 2482 2475 2471 2468 2466 2456 2453 2451 2449 2444 2445 2441 2435 2431 2438 2436 2435 2438 2440 2441 2452 2467 2481 2495 2507 2525 2540 2549 2560 2574 2581 2580 2575 2585 2599 2610 2614 2612 2608 2601 2597 2591
2529 2513 2481 2450 2446 2469 2486 2507 2521 2528 2537 2549 2569 2583 2590 2589 2593 2593 2596 2597 2595 2591 2586 2584 2580 2574 2569 2568 2574 2575 2575 2588 2597 2588 2566 2548 2535 2523 2516 2508 2498 2493 2488 2485 2478 2476 2472 2468 2462 2459 2457 2453 2448 2446 2442 2437 2430 2425 2422 2426 2429 2433 2444 2456 2464 2474 2486 2511 2528 2541 2559 2571 2578 2577 2567 2571 2588 2604 2613 2618 2616 2613 2609 2597
2552 2518 2486 2468 2478 2503 2525 2539 2549 2553 2553 2557 2562 2568 2570 2574 2578 2580 2580 2581 2580 2571 2569 2565 2561 2558 2551 2552 2554 2557 2566 2571 2573 2567 2556 2543 2531 2524 2516 2507 2503 2498 2492 2488 2480 2474 2469 2466 2462 2457 2454 2447 2442 2439 2437 2436 2435 2432 2423 2417 2418 2424 2432 2438 2450 2462 2479 2502 2516 2532 2553 2570 2573 2566 2556 2565 2583 2604 2617 2624 2626 2622 2616 2611
2555 2519 2492 2486 2502 2526 2548 2561 2567 2566 2558 2555 2552 2555 2556 2558 2561 2563 2565 2563 2562 2559 2560 2559 2557 2551 2543 2541 2539 2543 2551 2551 2547 2543 2535 2526 2520 2518 2514 2510 2506 2500 2491 2484 2479 2474 2470 2466 2463 2452 2446 2445 2440 2427 2423 2420 2429 2431 2426 2412 2406 2411 2419 2430 2443 2456 2467 2479 2497 2518 2539 2554 2559 2549 2543 2555 2577 2598 2612 2625 2623 2621 2618 2611
2541 2513 2502 2511 2526 2541 2561 2573 2566 2561 2554 2546 2545 2545 2548 2546 2544 2548 2550 2550 2553 2552 2553 2553 2553 2550 2545 2536 2529 2529 2536 2543 2536 2524 2517 2510 2507 2509 2511 2511 2509 2501 2496 2484 2478 2473 2466 2462 2455 2446 2441 2439 2438 2430 2418 2413 2421 2426 2420 2405 2397 2403 2416 2429 2438 2448 2453 2461 2478 2495 2511 2529 2538 2533 2532 2550 2576 2595 2608 2613 2617 2618 2615 2610
2541 2520 2519 2544 2555 2556 2570 2569 2564 2560 2553 2550 2550 2547 2544 2543 2540 2537 2537 2541 2546 2549 2550 2548 2543 2540 2537 2532 2523 2519 2523 2531 2530 2524 2513 2497 2496 2503 2508 2507 2508 2504 2495 2488 2482 2478 2471 2464 2454 2444 2437 2431 2431 2427 2416 2409 2412 2418 2404 2396 2398 2407 2415 2426 2432 2437 2441 2444 2454 2464 2476 2486 2500 2514 2526 2550 2577 2593 2615 2625 2624 2619 2615 2610
