tutorials/hylands_real/DEMData/SRTMGL3_39.9_-105.45_40.1_-105.25.asc
ncols        240
nrows        240
xllcorner    -105.450416666684
yllcorner    39.900416666671
cellsize     0.000833333333
NODATA_value 0
[rows 190 to 227 of 240, columns 84 to 167 of 240]
2263 2271 2285 2297 2297 2297 2277 2251 2224 2222 2227 2254 2288 2309 2302 2296 2289 2288 2287 2301 2321 2345 2362 2365 2351 2322 2283 2247 2213 2183 2167 2148 2123 2108 2140 2172 2192 2191 2190 2193 2187 2171 2155 2142 2130 2119 2102 2083 2068 2063 2083 2092 2086 2072 2052 2060 2078 2095 2103 2098 2089 2077 2073 2081 2086 2077 2053 2039 2046 2047 2041 2026 2021 2036 2054 2048 2018 1987 1975 1987 2010 2033 2039 2051
2247 2263 2275 2271 2262 2251 2233 2222 2222 2225 2254 2289 2327 2331 2329 2329 2318 2311 2309 2307 2316 2326 2337 2339 2319 2294 2270 2239 2212 2187 2171 2158 2136 2110 2104 2127 2148 2158 2174 2184 2173 2151 2133 2115 2109 2098 2073 2060 2068 2084 2103 2099 2079 2056 2044 2053 2075 2096 2096 2077 2055 2036 2029 2036 2057 2075 2069 2041 2024 2029 2029 2007 1998 1996 2006 2010 1992 1997 1987 1975 2003 2033 2027 2026
2235 2253 2263 2260 2245 2228 2222 2222 2222 2233 2258 2299 2321 2320 2331 2335 2334 2322 2308 2298 2299 2301 2307 2305 2291 2271 2249 2226 2206 2190 2181 2166 2150 2131 2108 2099 2109 2127 2147 2158 2143 2117 2095 2091 2109 2105 2073 2069 2087 2099 2109 2102 2085 2053 2042 2062 2082 2094 2081 2057 2033 2041 2044 2028 2028 2058 2072 2044 2016 2005 2001 1994 1999 1999 2008 2009 2011 2017 1996 1974 1998 2032 2018 2001
2225 2242 2253 2241 2230 2222 2222 2222 2222 2224 2240 2276 2292 2296 2311 2326 2334 2322 2304 2284 2277 2279 2280 2279 2268 2251 2241 2225 2212 2197 2181 2164 2151 2139 2124 2112 2099 2099 2110 2121 2114 2094 2079 2082 2089 2097 2079 2073 2088 2104 2115 2110 2093 2071 2048 2049 2066 2081 2073 2044 2040 2068 2066 2036 2021 2047 2063 2035 2004 1996 2012 2037 2042 2045 2051 2037 2024 2017 1994 1971 1980 2010 2009 1988
2223 2243 2244 2229 2222 2222 2222 2222 2222 2222 2224 2246 2264 2280 2297 2317 2331 2322 2300 2274 2261 2259 2259 2252 2241 2228 2218 2211 2196 2183 2174 2164 2161 2155 2148 2138 2124 2103 2091 2089 2092 2084 2092 2098 2086 2077 2074 2082 2099 2118 2131 2123 2098 2079 2059 2046 2048 2058 2052 2041 2066 2091 2069 2027 2022 2045 2042 2017 2001 2011 2041 2067 2064 2044 2041 2027 2005 1998 1997 1981 1973 2004 2014 1987
2223 2224 2225 2222 2224 2223 2222 2222 2222 2222 2223 2227 2244 2257 2275 2291 2305 2306 2290 2263 2243 2241 2236 2228 2219 2205 2195 2189 2176 2161 2160 2156 2159 2156 2149 2132 2112 2099 2096 2097 2091 2097 2110 2117 2099 2086 2097 2115 2132 2142 2148 2139 2126 2111 2085 2061 2047 2045 2053 2070 2097 2115 2093 2047 2018 2017 2011 2006 2019 2039 2058 2073 2058 2027 2010 2000 1984 1975 1977 1970 1968 2003 2020 2001
2222 2222 2222 2229 2243 2239 2227 2223 2227 2240 2251 2250 2236 2240 2253 2264 2277 2284 2274 2251 2230 2221 2210 2200 2198 2194 2183 2165 2153 2147 2139 2136 2135 2137 2134 2119 2106 2118 2127 2130 2128 2137 2140 2124 2102 2109 2128 2146 2159 2168 2171 2168 2158 2137 2122 2109 2091 2082 2092 2116 2143 2146 2119 2084 2056 2046 2042 2052 2069 2072 2059 2052 2041 2021 1997 1991 1994 1971 1961 1973 1987 2002 2003 1995
2227 2230 2246 2252 2255 2242 2229 2245 2260 2264 2278 2276 2257 2255 2257 2254 2261 2269 2270 2252 2238 2224 2211 2190 2180 2178 2168 2154 2162 2164 2157 2146 2133 2124 2120 2117 2112 2125 2147 2156 2156 2156 2145 2123 2115 2122 2149 2174 2187 2193 2199 2196 2188 2183 2176 2167 2151 2132 2134 2148 2169 2170 2149 2129 2116 2105 2102 2100 2097 2079 2058 2036 2019 2007 2000 2015 2011 1977 1959 1964 1965 1964 1966 1973
2250 2265 2281 2277 2259 2241 2237 2257 2278 2286 2292 2282 2270 2273 2278 2275 2272 2268 2266 2254 2238 2222 2212 2195 2188 2176 2162 2171 2185 2184 2163 2153 2153 2148 2148 2150 2136 2135 2160 2182 2178 2157 2137 2143 2146 2140 2156 2177 2189 2199 2209 2221 2225 2226 2224 2219 2204 2185 2183 2185 2186 2187 2178 2161 2152 2141 2131 2117 2096 2072 2052 2029 2012 2012 2032 2047 2036 2007 1978 1961 1956 1956 1946 1946
2280 2300 2313 2298 2266 2246 2259 2275 2298 2308 2309 2299 2288 2295 2300 2299 2291 2276 2267 2257 2241 2224 2217 2210 2196 2175 2173 2194 2208 2190 2175 2172 2177 2182 2185 2172 2146 2146 2178 2199 2188 2165 2154 2164 2175 2167 2163 2174 2182 2191 2204 2221 2233 2251 2259 2250 2235 2220 2217 2213 2202 2191 2181 2168 2154 2142 2126 2111 2092 2075 2049 2024 2025 2042 2053 2052 2039 2009 1984 1985 1999 1994 1977 1957
2309 2325 2323 2290 2267 2267 2284 2302 2322 2331 2325 2309 2308 2320 2325 2321 2304 2286 2266 2259 2256 2245 2234 2215 2195 2177 2191 2214 2221 2212 2205 2209 2213 2215 2200 2167 2153 2173 2200 2214 2205 2184 2175 2181 2193 2189 2179 2189 2208 2210 2216 2237 2258 2273 2278 2268 2258 2247 2234 2218 2198 2182 2172 2163 2149 2133 2112 2091 2076 2064 2044 2041 2035 2044 2043 2029 2017 1999 1995 2026 2037 2025 2011 1983
2332 2337 2319 2285 2275 2294 2324 2341 2350 2347 2338 2319 2327 2350 2356 2340 2321 2300 2284 2278 2278 2262 2236 2210 2191 2187 2207 2234 2247 2243 2239 2245 2248 2236 2207 2172 2174 2201 2227 2237 2222 2206 2198 2208 2217 2209 2194 2201 2221 2224 2234 2257 2270 2271 2266 2258 2253 2243 2225 2204 2188 2170 2156 2142 2130 2120 2106 2091 2081 2075 2068 2063 2051 2044 2031 2016 2002 1997 2018 2049 2052 2033 2008 1980
2353 2341 2320 2298 2297 2314 2341 2363 2376 2370 2355 2335 2345 2368 2375 2357 2330 2304 2286 2275 2264 2257 2246 2215 2191 2202 2224 2251 2263 2266 2272 2275 2267 2247 2218 2190 2199 2228 2249 2255 2251 2240 2231 2237 2242 2234 2223 2214 2221 2232 2244 2255 2257 2256 2255 2249 2241 2227 2208 2194 2181 2170 2169 2161 2143 2126 2109 2108 2108 2101 2086 2066 2059 2052 2030 2020 2025 2013 2022 2053 2052 2030 2010 1988
2356 2341 2333 2330 2320 2323 2352 2378 2391 2384 2369 2355 2355 2368 2366 2344 2318 2290 2269 2259 2245 2237 2227 2213 2197 2214 2240 2252 2260 2270 2281 2286 2276 2255 2225 2203 2222 2243 2265 2274 2276 2271 2263 2266 2265 2254 2242 2235 2237 2235 2240 2245 2246 2246 2252 2261 2246 2228 2212 2198 2184 2179 2175 2167 2155 2133 2108 2098 2103 2094 2079 2069 2062 2048 2034 2038 2042 2029 2048 2070 2068 2058 2034 2004
2378 2371 2376 2375 2357 2339 2343 2365 2388 2385 2374 2370 2375 2373 2361 2347 2326 2302 2288 2272 2259 2247 2229 2209 2205 2229 2256 2275 2274 2279 2288 2294 2289 2273 2241 2222 2245 2264 2283 2292 2293 2292 2286 2281 2270 2262 2252 2246 2237 2233 2229 2228 2228 2240 2248 2251 2238 2223 2211 2200 2190 2186 2171 2150 2136 2120 2104 2098 2098 2095 2093 2083 2064 2048 2059 2063 2051 2049 2070 2094 2096 2075 2046 2020
2421 2425 2420 2405 2386 2367 2358 2365 2386 2395 2396 2401 2393 2367 2358 2355 2343 2330 2307 2282 2264 2247 2223 2207 2223 2252 2281 2302 2302 2296 2296 2293 2285 2267 2241 2241 2266 2280 2294 2305 2311 2309 2299 2287 2273 2264 2250 2240 2231 2224 2217 2213 2214 2217 2221 2226 2223 2217 2201 2194 2184 2180 2163 2136 2119 2115 2121 2128 2122 2118 2117 2105 2078 2060 2081 2080 2063 2079 2088 2097 2110 2094 2066 2057
2458 2458 2442 2422 2412 2405 2402 2399 2407 2411 2415 2416 2395 2365 2332 2321 2317 2309 2294 2270 2246 2232 2219 2220 2232 2261 2290 2314 2323 2312 2303 2293 2285 2271 2256 2249 2270 2285 2298 2309 2316 2315 2309 2299 2281 2270 2255 2244 2233 2226 2220 2215 2211 2204 2199 2196 2197 2201 2195 2181 2164 2153 2143 2127 2129 2142 2149 2151 2143 2143 2126 2099 2078 2070 2093 2095 2081 2100 2117 2112 2124 2122 2105 2094
2498 2492 2481 2468 2457 2453 2445 2434 2430 2422 2407 2388 2374 2354 2320 2292 2284 2274 2263 2247 2242 2245 2253 2244 2233 2248 2282 2310 2324 2322 2318 2310 2301 2287 2270 2256 2271 2287 2302 2311 2320 2323 2316 2306 2299 2288 2270 2255 2246 2243 2245 2240 2225 2208 2196 2191 2183 2181 2178 2173 2158 2144 2138 2140 2147 2155 2160 2162 2159 2150 2122 2100 2106 2113 2122 2113 2099 2119 2134 2136 2154 2153 2131 2113
2532 2524 2517 2506 2493 2483 2474 2466 2455 2443 2415 2377 2341 2321 2297 2282 2272 2264 2258 2266 2275 2283 2286 2271 2249 2251 2281 2307 2327 2337 2336 2326 2310 2292 2276 2262 2277 2302 2318 2323 2328 2327 2322 2314 2304 2296 2282 2269 2267 2275 2266 2250 2230 2214 2202 2194 2185 2176 2169 2163 2156 2151 2154 2166 2167 2171 2174 2174 2163 2141 2120 2114 2135 2154 2146 2120 2111 2130 2150 2159 2173 2171 2143 2137
2553 2549 2535 2517 2502 2493 2482 2474 2467 2440 2406 2365 2331 2314 2304 2302 2299 2285 2277 2295 2310 2309 2301 2287 2278 2268 2272 2287 2313 2336 2347 2339 2325 2313 2292 2276 2293 2322 2339 2341 2335 2322 2318 2311 2304 2294 2286 2280 2277 2280 2265 2248 2229 2216 2204 2198 2196 2189 2184 2181 2173 2163 2167 2178 2186 2190 2192 2183 2155 2132 2144 2159 2174 2181 2155 2128 2126 2150 2174 2190 2194 2187 2173 2176
2552 2544 2533 2516 2506 2505 2492 2474 2456 2425 2396 2373 2361 2345 2330 2331 2325 2307 2297 2315 2339 2336 2321 2312 2303 2295 2292 2292 2296 2320 2344 2355 2342 2327 2309 2287 2293 2318 2335 2342 2340 2333 2325 2316 2305 2298 2291 2283 2274 2267 2260 2249 2230 2221 2212 2210 2201 2195 2196 2197 2182 2176 2181 2193 2206 2212 2210 2193 2162 2152 2180 2208 2213 2192 2167 2142 2131 2149 2177 2206 2222 2218 2218 2222
2557 2553 2545 2539 2532 2527 2516 2493 2473 2457 2439 2424 2394 2371 2362 2362 2352 2342 2327 2331 2365 2372 2360 2341 2335 2328 2339 2327 2301 2309 2328 2348 2351 2339 2324 2300 2292 2305 2323 2337 2344 2344 2344 2338 2325 2308 2291 2280 2269 2263 2252 2241 2233 2228 2219 2216 2209 2206 2206 2201 2193 2198 2199 2204 2219 2227 2214 2195 2163 2163 2198 2226 2227 2205 2180 2155 2142 2143 2166 2197 2220 2236 2249 2262
2572 2573 2570 2566 2559 2553 2538 2524 2509 2498 2484 2460 2441 2426 2409 2408 2405 2390 2363 2353 2372 2399 2398 2383 2372 2367 2362 2347 2319 2308 2321 2339 2347 2344 2335 2323 2307 2303 2315 2327 2345 2357 2361 2362 2344 2316 2299 2283 2274 2263 2259 2253 2244 2237 2234 2230 2225 2219 2212 2207 2215 2228 2226 2223 2232 2227 2203 2183 2165 2168 2194 2225 2239 2220 2194 2175 2163 2151 2157 2178 2197 2222 2252 2282
2573 2575 2579 2585 2587 2582 2569 2554 2536 2523 2506 2494 2479 2472 2460 2452 2444 2418 2390 2381 2390 2412 2422 2416 2402 2391 2376 2361 2337 2318 2328 2350 2363 2360 2351 2345 2326 2312 2319 2326 2341 2361 2375 2380 2359 2332 2315 2300 2290 2279 2268 2259 2254 2253 2252 2247 2244 2240 2227 2221 2232 2241 2239 2238 2237 2219 2199 2192 2186 2180 2205 2239 2251 2228 2202 2186 2184 2180 2168 2171 2189 2216 2247 2273
2561 2558 2565 2577 2587 2590 2584 2565 2545 2534 2522 2510 2499 2490 2481 2475 2471 2458 2430 2419 2423 2432 2439 2430 2422 2415 2400 2376 2356 2336 2329 2351 2371 2375 2359 2346 2330 2321 2335 2342 2341 2350 2365 2381 2372 2355 2343 2327 2309 2295 2286 2279 2273 2271 2269 2269 2267 2259 2246 2237 2238 2247 2251 2248 2242 2222 2211 2221 2212 2196 2218 2248 2257 2238 2221 2220 2221 2211 2191 2179 2193 2220 2247 2261
2573 2557 2546 2552 2563 2568 2566 2554 2532 2524 2519 2507 2499 2490 2482 2478 2474 2469 2462 2459 2462 2464 2454 2443 2437 2432 2422 2400 2377 2354 2341 2352 2373 2384 2372 2354 2339 2332 2352 2363 2356 2352 2363 2388 2401 2387 2374 2353 2330 2317 2309 2301 2298 2299 2297 2302 2300 2283 2260 2249 2258 2273 2275 2267 2248 2232 2231 2242 2243 2221 2217 2248 2269 2271 2262 2256 2248 2224 2199 2195 2207 2225 2244 2243
2583 2560 2543 2532 2530 2530 2525 2520 2513 2507 2503 2495 2490 2485 2482 2473 2465 2463 2465 2465 2462 2463 2457 2450 2445 2441 2435 2421 2400 2379 2360 2358 2375 2385 2379 2362 2344 2350 2373 2386 2372 2364 2369 2392 2423 2425 2407 2379 2364 2360 2355 2336 2328 2328 2335 2335 2322 2297 2278 2270 2276 2291 2297 2287 2266 2244 2253 2274 2268 2246 2231 2247 2280 2298 2292 2274 2249 2228 2215 2216 2225 2236 2236 2207
2580 2558 2540 2529 2521 2515 2508 2501 2496 2490 2486 2482 2474 2472 2466 2463 2461 2456 2458 2457 2457 2456 2453 2445 2443 2443 2441 2435 2418 2401 2383 2378 2377 2389 2381 2361 2357 2372 2393 2403 2398 2390 2379 2386 2412 2433 2436 2419 2414 2413 2398 2379 2366 2359 2361 2363 2340 2311 2301 2302 2311 2312 2316 2311 2293 2267 2274 2296 2289 2265 2251 2257 2285 2306 2314 2296 2268 2256 2253 2248 2249 2259 2240 2207
2589 2573 2556 2541 2531 2523 2518 2512 2504 2494 2484 2476 2471 2465 2459 2451 2448 2445 2446 2446 2447 2447 2443 2441 2436 2443 2448 2449 2441 2427 2418 2403 2392 2398 2384 2366 2381 2402 2424 2432 2430 2421 2399 2389 2411 2441 2459 2463 2458 2443 2422 2407 2394 2385 2396 2394 2373 2353 2347 2342 2347 2350 2347 2338 2322 2297 2298 2312 2309 2296 2285 2274 2285 2306 2323 2316 2296 2294 2294 2285 2282 2284 2268 2234
2616 2602 2583 2563 2551 2543 2531 2521 2511 2502 2491 2480 2473 2467 2461 2451 2441 2433 2433 2429 2430 2428 2432 2428 2427 2441 2454 2463 2463 2460 2448 2425 2416 2416 2395 2382 2406 2439 2464 2467 2458 2441 2416 2398 2406 2430 2452 2469 2471 2463 2446 2434 2428 2426 2434 2434 2422 2407 2399 2398 2402 2403 2389 2372 2351 2326 2327 2338 2330 2315 2296 2292 2299 2304 2309 2305 2303 2312 2319 2315 2304 2285 2253 2230
2629 2613 2595 2576 2566 2556 2539 2524 2510 2499 2493 2483 2472 2464 2458 2453 2452 2453 2447 2450 2445 2435 2421 2415 2413 2428 2448 2464 2474 2472 2461 2444 2434 2423 2402 2397 2419 2456 2486 2497 2488 2463 2443 2426 2413 2413 2429 2445 2460 2477 2478 2477 2468 2466 2465 2466 2467 2465 2463 2464 2463 2455 2434 2408 2382 2365 2360 2352 2332 2317 2310 2323 2325 2309 2292 2278 2277 2291 2299 2307 2300 2265 2222 2193
2631 2614 2599 2583 2573 2560 2548 2535 2519 2508 2496 2487 2478 2470 2463 2467 2474 2476 2475 2468 2459 2449 2435 2426 2412 2416 2433 2453 2469 2474 2465 2455 2442 2431 2414 2407 2422 2449 2479 2503 2509 2492 2477 2464 2452 2439 2434 2436 2448 2472 2501 2512 2510 2502 2493 2493 2498 2504 2509 2506 2503 2498 2482 2455 2433 2414 2392 2365 2346 2340 2344 2346 2330 2310 2289 2270 2255 2257 2268 2282 2290 2273 2228 2192
2622 2610 2596 2581 2570 2558 2551 2545 2534 2519 2506 2496 2488 2481 2469 2467 2478 2485 2485 2477 2468 2456 2448 2439 2428 2412 2416 2436 2458 2468 2464 2454 2447 2437 2428 2424 2426 2442 2467 2488 2500 2504 2507 2509 2499 2481 2472 2469 2467 2469 2489 2502 2505 2508 2509 2515 2530 2536 2527 2524 2526 2530 2524 2508 2486 2456 2424 2389 2373 2373 2363 2342 2324 2311 2300 2280 2249 2227 2229 2235 2254 2245 2211 2177
2606 2598 2585 2569 2556 2547 2539 2535 2530 2521 2513 2503 2493 2484 2472 2478 2492 2497 2491 2477 2464 2457 2447 2438 2426 2416 2408 2416 2437 2454 2456 2451 2447 2446 2439 2437 2437 2446 2457 2462 2474 2495 2523 2541 2536 2517 2509 2509 2510 2507 2505 2506 2507 2512 2521 2530 2544 2549 2539 2541 2549 2559 2562 2544 2522 2492 2449 2425 2422 2406 2379 2345 2318 2298 2292 2271 2242 2222 2217 2206 2202 2195 2175 2153
2591 2583 2574 2562 2550 2537 2527 2524 2523 2523 2515 2507 2495 2482 2481 2491 2500 2501 2494 2478 2467 2459 2454 2449 2445 2436 2414 2405 2419 2435 2442 2446 2448 2448 2446 2444 2443 2442 2442 2445 2459 2487 2520 2547 2545 2525 2520 2523 2527 2527 2521 2516 2514 2519 2528 2534 2536 2538 2540 2544 2555 2571 2587 2578 2554 2523 2491 2476 2454 2419 2378 2344 2315 2290 2276 2260 2255 2259 2250 2234 2213 2198 2184 2173
2579 2572 2565 2554 2545 2542 2540 2530 2518 2517 2514 2505 2490 2489 2494 2503 2511 2507 2501 2488 2475 2466 2456 2449 2448 2443 2429 2407 2404 2421 2434 2438 2442 2442 2441 2439 2438 2433 2425 2429 2449 2474 2508 2533 2531 2509 2499 2509 2523 2523 2518 2515 2517 2523 2526 2525 2525 2530 2536 2545 2563 2585 2607 2610 2588 2558 2527 2498 2457 2411 2370 2339 2320 2304 2286 2274 2290 2296 2294 2294 2281 2249 2214 2183
2598 2588 2577 2569 2563 2561 2551 2537 2525 2515 2507 2501 2503 2512 2513 2511 2518 2510 2502 2494 2475 2464 2454 2444 2437 2429 2419 2405 2395 2404 2423 2431 2428 2430 2431 2434 2432 2425 2421 2418 2440 2465 2491 2506 2502 2480 2475 2493 2510 2508 2514 2519 2519 2520 2519 2520 2521 2530 2534 2551 2577 2606 2635 2641 2619 2595 2557 2514 2466 2422 2385 2362 2352 2332 2305 2296 2317 2333 2334 2329 2309 2274 2230 2196
2628 2617 2606 2592 2575 2567 2556 2544 2536 2525 2511 2519 2537 2541 2533 2525 2524 2514 2500 2486 2474 2462 2455 2446 2437 2430 2425 2416 2403 2395 2404 2408 2413 2420 2424 2425 2427 2424 2416 2406 2415 2439 2458 2471 2466 2453 2452 2467 2483 2506 2524 2527 2525 2523 2515 2514 2518 2524 2539 2563 2589 2616 2635 2644 2644 2621 2578 2538 2488 2450 2430 2415 2386 2353 2331 2336 2350 2361 2349 2311 2286 2266 2223 2202
