tutorials/hylands_real/DEMData/SRTMGL3_39.9_-105.45_40.1_-105.25.asc
ncols        240
nrows        240
xllcorner    -105.450416666684
yllcorner    39.900416666671
cellsize     0.000833333333
NODATA_value 0
[rows 0 to 37 of 240, columns 84 to 167 of 240]
2398 2410 2395 2369 2357 2363 2396 2432 2464 2487 2502 2496 2481 2465 2442 2418 2402 2386 2382 2370 2363 2368 2382 2388 2406 2414 2401 2379 2348 2318 2286 2261 2225 2200 2182 2158 2127 2090 2062 2037 2018 2010 1998 1973 1966 1989 2017 2052 2076 2082 2058 2040 2024 2015 2023 2053 2082 2107 2131 2150 2167 2163 2159 2155 2149 2161 2153 2129 2106 2101 2093 2077 2045 2024 2025 2035 2035 2025 2002 1969 1949 1941 1939 1934
2432 2443 2436 2424 2408 2399 2418 2446 2476 2505 2524 2532 2519 2503 2480 2462 2455 2446 2431 2415 2414 2425 2430 2435 2428 2398 2381 2353 2327 2298 2265 2236 2214 2193 2180 2162 2139 2113 2088 2059 2031 2006 1981 1967 1973 2011 2050 2088 2119 2128 2107 2087 2061 2038 2020 2033 2057 2082 2110 2133 2141 2143 2147 2155 2163 2167 2152 2127 2104 2086 2073 2058 2032 2009 1996 1994 1995 1990 1980 1957 1951 1954 1946 1930
2462 2485 2481 2474 2464 2459 2460 2477 2509 2534 2536 2530 2525 2520 2507 2497 2483 2474 2460 2453 2454 2462 2461 2445 2415 2386 2356 2316 2287 2265 2248 2217 2177 2152 2144 2133 2115 2097 2071 2041 2018 1986 1970 1969 1993 2039 2079 2114 2148 2167 2142 2109 2078 2058 2048 2035 2039 2058 2078 2098 2107 2116 2131 2148 2154 2149 2137 2117 2098 2085 2071 2056 2037 2022 2008 1987 1969 1963 1965 1962 1981 1989 1977 1961
2472 2503 2518 2515 2508 2508 2505 2521 2543 2556 2539 2514 2495 2483 2478 2463 2446 2437 2435 2438 2434 2428 2419 2407 2386 2359 2332 2293 2255 2228 2208 2189 2163 2132 2101 2093 2077 2063 2049 2020 1994 1972 1972 1993 2018 2056 2093 2126 2171 2186 2167 2135 2101 2096 2096 2073 2057 2047 2051 2073 2091 2107 2119 2128 2133 2134 2132 2128 2121 2112 2096 2071 2045 2025 2010 1992 1974 1990 2000 2000 2009 2010 1997 1980
2472 2499 2530 2552 2559 2557 2548 2537 2535 2521 2504 2469 2441 2432 2424 2413 2395 2392 2403 2403 2391 2372 2364 2349 2331 2312 2290 2271 2242 2208 2174 2152 2131 2105 2076 2054 2047 2029 2011 1990 1982 1985 1999 2002 2023 2056 2083 2120 2153 2162 2157 2147 2137 2135 2130 2110 2085 2064 2055 2063 2077 2091 2099 2108 2118 2124 2127 2128 2122 2113 2100 2075 2055 2033 2011 1989 1996 2019 2036 2021 1999 1990 1977 1963
2497 2524 2544 2563 2566 2551 2530 2511 2486 2472 2451 2423 2391 2383 2371 2363 2349 2355 2375 2378 2369 2344 2317 2290 2275 2268 2251 2238 2222 2194 2166 2135 2104 2077 2049 2036 2028 2014 1987 1981 2007 2028 2043 2032 2031 2055 2073 2096 2117 2124 2129 2133 2138 2144 2145 2136 2112 2085 2072 2080 2088 2101 2114 2122 2133 2133 2125 2110 2096 2082 2066 2052 2042 2029 2011 2000 2014 2035 2029 2007 1983 1968 1957 1949
2539 2567 2560 2540 2527 2508 2491 2468 2442 2414 2397 2376 2346 2336 2324 2309 2309 2334 2348 2345 2337 2314 2277 2247 2222 2217 2199 2185 2179 2165 2141 2116 2088 2061 2042 2026 2010 1999 1987 1993 2028 2058 2066 2056 2042 2042 2049 2065 2082 2092 2099 2106 2120 2128 2134 2131 2113 2100 2101 2094 2095 2108 2122 2130 2147 2163 2157 2132 2107 2090 2068 2046 2030 2022 2015 2019 2035 2044 2029 2009 2003 1994 1984 1975
2571 2585 2564 2528 2493 2464 2444 2420 2393 2372 2344 2326 2304 2289 2271 2265 2286 2318 2319 2311 2305 2286 2262 2225 2192 2163 2138 2131 2130 2127 2113 2089 2062 2039 2021 2009 1992 1993 2012 2033 2048 2064 2076 2070 2064 2066 2059 2052 2065 2073 2081 2096 2111 2119 2127 2131 2128 2126 2124 2116 2113 2119 2130 2140 2153 2171 2178 2158 2132 2113 2088 2070 2064 2048 2040 2041 2059 2060 2041 2030 2025 2009 1993 1980
2577 2562 2527 2498 2459 2432 2411 2387 2359 2332 2300 2279 2263 2237 2227 2236 2273 2293 2288 2280 2274 2247 2225 2196 2161 2128 2103 2088 2090 2093 2088 2067 2029 2007 1997 1995 2004 2020 2055 2078 2080 2084 2085 2081 2076 2074 2065 2061 2075 2079 2088 2104 2112 2120 2130 2142 2153 2152 2149 2137 2133 2139 2147 2157 2163 2164 2164 2152 2131 2118 2104 2095 2092 2081 2064 2062 2072 2069 2057 2058 2044 2022 1998 1985
2583 2553 2507 2464 2432 2405 2383 2370 2344 2319 2273 2232 2213 2198 2189 2212 2234 2245 2245 2233 2217 2196 2177 2157 2130 2104 2081 2065 2059 2065 2059 2042 2017 2000 2003 2020 2046 2077 2092 2100 2098 2095 2091 2088 2083 2076 2071 2078 2088 2096 2098 2104 2112 2128 2145 2155 2164 2161 2156 2151 2147 2159 2170 2177 2177 2169 2155 2135 2119 2110 2095 2093 2094 2082 2076 2065 2059 2057 2059 2065 2053 2030 2008 1987
2597 2560 2516 2466 2433 2398 2368 2342 2316 2303 2276 2235 2203 2175 2162 2169 2185 2199 2194 2182 2163 2152 2133 2120 2094 2076 2058 2045 2037 2040 2029 2016 2009 2008 2010 2029 2061 2090 2101 2104 2105 2097 2093 2093 2090 2087 2086 2091 2099 2108 2110 2113 2127 2145 2151 2155 2156 2153 2148 2144 2148 2160 2171 2182 2186 2178 2161 2144 2125 2111 2094 2079 2075 2071 2074 2063 2044 2042 2042 2055 2060 2055 2042 2010
2579 2548 2512 2468 2433 2396 2380 2340 2289 2262 2248 2236 2210 2182 2154 2137 2135 2145 2156 2152 2125 2106 2085 2069 2052 2041 2037 2030 2027 2023 2018 2020 2028 2031 2028 2028 2045 2064 2079 2090 2102 2105 2103 2106 2101 2098 2101 2100 2105 2116 2121 2126 2131 2138 2140 2143 2137 2133 2129 2126 2131 2136 2149 2169 2182 2186 2176 2162 2139 2117 2100 2080 2067 2056 2059 2054 2032 2025 2025 2035 2047 2058 2053 2027
2558 2533 2495 2445 2403 2375 2353 2329 2287 2233 2215 2205 2194 2184 2164 2138 2118 2112 2122 2120 2099 2076 2054 2045 2044 2045 2047 2056 2069 2062 2055 2062 2068 2072 2059 2039 2036 2057 2072 2090 2112 2125 2126 2128 2123 2116 2114 2119 2124 2132 2137 2137 2139 2138 2136 2134 2126 2116 2113 2110 2110 2116 2126 2148 2166 2183 2181 2166 2148 2133 2116 2099 2083 2060 2049 2039 2022 2012 2011 2022 2032 2045 2053 2035
2528 2508 2471 2434 2394 2350 2320 2287 2265 2230 2205 2182 2165 2156 2143 2125 2104 2089 2086 2076 2064 2052 2054 2074 2092 2096 2100 2106 2118 2117 2114 2114 2104 2092 2076 2048 2043 2063 2085 2112 2133 2141 2142 2140 2133 2131 2132 2131 2135 2137 2142 2144 2145 2143 2137 2129 2119 2108 2100 2092 2086 2092 2108 2125 2141 2150 2148 2135 2124 2114 2108 2098 2085 2075 2070 2053 2026 2003 2000 2018 2019 2036 2056 2054
2481 2487 2475 2440 2403 2359 2333 2294 2262 2235 2201 2182 2161 2146 2136 2127 2129 2119 2097 2068 2070 2087 2098 2119 2136 2150 2156 2165 2167 2166 2149 2133 2112 2084 2066 2054 2063 2081 2102 2134 2147 2153 2156 2155 2149 2151 2153 2153 2150 2150 2153 2152 2145 2139 2132 2128 2115 2102 2094 2085 2076 2077 2085 2096 2104 2106 2102 2093 2088 2087 2086 2079 2070 2062 2066 2052 2028 2002 1990 2003 2004 2013 2033 2044
2425 2442 2438 2426 2398 2374 2344 2303 2271 2243 2220 2205 2185 2170 2165 2167 2167 2150 2109 2069 2085 2119 2146 2170 2184 2195 2202 2204 2194 2180 2160 2145 2115 2087 2073 2070 2087 2109 2129 2146 2155 2164 2174 2170 2169 2170 2179 2179 2171 2162 2160 2156 2150 2141 2129 2123 2113 2097 2089 2082 2074 2066 2065 2068 2065 2063 2055 2049 2046 2051 2049 2044 2042 2037 2045 2041 2020 1997 1983 1991 1996 1989 1992 2000
2362 2376 2389 2388 2374 2352 2330 2308 2283 2273 2263 2237 2215 2204 2198 2185 2168 2141 2105 2076 2089 2112 2148 2183 2219 2242 2241 2234 2207 2178 2151 2133 2117 2103 2092 2095 2117 2139 2160 2170 2175 2180 2190 2191 2191 2192 2196 2192 2185 2176 2166 2161 2152 2144 2128 2126 2122 2109 2099 2094 2083 2073 2057 2046 2039 2041 2042 2036 2031 2027 2024 2021 2011 2014 2022 2029 2014 1987 1975 1971 1983 1980 1968 1963
2316 2327 2343 2351 2346 2325 2299 2279 2268 2273 2275 2250 2222 2207 2192 2174 2144 2118 2090 2076 2103 2143 2175 2212 2245 2265 2263 2249 2216 2180 2158 2143 2141 2146 2135 2124 2141 2169 2187 2198 2201 2203 2212 2217 2216 2217 2213 2208 2195 2179 2171 2163 2152 2140 2128 2126 2125 2116 2104 2094 2082 2074 2065 2049 2051 2065 2074 2069 2057 2048 2045 2044 2029 2009 2005 2002 1998 1983 1975 1969 1966 1967 1969 1976
2277 2283 2293 2303 2302 2286 2266 2250 2240 2239 2248 2239 2208 2189 2168 2155 2132 2099 2080 2095 2130 2170 2199 2241 2277 2282 2270 2244 2224 2215 2202 2187 2179 2186 2182 2159 2157 2182 2200 2212 2217 2220 2235 2239 2239 2241 2231 2217 2200 2185 2177 2171 2162 2149 2142 2133 2124 2116 2106 2091 2078 2063 2060 2061 2064 2087 2098 2103 2094 2079 2073 2066 2047 2041 2033 2027 2021 2000 1983 1980 1995 2005 2012 2015
2255 2239 2245 2252 2261 2245 2224 2216 2205 2196 2204 2209 2192 2163 2142 2131 2116 2090 2079 2101 2130 2161 2202 2245 2277 2284 2285 2275 2269 2262 2247 2228 2222 2217 2206 2183 2174 2186 2198 2210 2227 2236 2251 2253 2252 2240 2229 2215 2206 2198 2192 2191 2177 2168 2162 2147 2130 2109 2097 2088 2077 2078 2087 2082 2080 2099 2116 2125 2117 2108 2102 2093 2082 2077 2066 2057 2033 2003 1989 1993 2014 2034 2042 2040
2255 2222 2211 2210 2213 2207 2192 2184 2181 2166 2162 2166 2164 2158 2134 2111 2093 2085 2096 2126 2161 2186 2211 2240 2267 2293 2311 2311 2306 2297 2278 2260 2251 2236 2210 2193 2193 2207 2220 2225 2236 2249 2251 2245 2238 2228 2219 2208 2202 2205 2195 2180 2166 2160 2152 2138 2132 2118 2095 2090 2104 2114 2114 2103 2099 2106 2126 2140 2145 2134 2120 2103 2087 2078 2069 2054 2030 2010 2002 2012 2028 2034 2036 2045
2250 2209 2187 2174 2173 2171 2167 2156 2147 2141 2128 2121 2127 2140 2127 2102 2089 2096 2124 2149 2189 2220 2248 2266 2297 2321 2335 2336 2332 2320 2305 2287 2268 2247 2229 2216 2226 2243 2250 2250 2251 2253 2247 2233 2221 2210 2204 2195 2183 2180 2166 2153 2141 2134 2127 2122 2119 2111 2108 2120 2141 2150 2141 2132 2118 2117 2125 2141 2149 2145 2134 2119 2096 2081 2069 2058 2040 2015 2001 2006 2022 2022 2027 2039
2218 2191 2169 2152 2146 2143 2133 2128 2124 2120 2122 2118 2112 2113 2105 2096 2089 2113 2155 2191 2219 2262 2299 2327 2355 2367 2363 2355 2343 2326 2311 2290 2272 2260 2255 2263 2268 2276 2275 2268 2261 2253 2243 2229 2218 2219 2228 2224 2205 2188 2179 2172 2168 2164 2152 2149 2142 2139 2150 2154 2167 2175 2165 2148 2129 2113 2110 2118 2128 2135 2136 2128 2114 2099 2088 2067 2042 2017 2000 1999 2000 2011 2017 2026
2174 2152 2140 2136 2137 2132 2129 2133 2148 2166 2173 2160 2142 2124 2118 2105 2100 2119 2144 2181 2219 2261 2306 2342 2370 2374 2370 2356 2343 2327 2309 2297 2292 2297 2305 2307 2300 2299 2287 2278 2274 2264 2254 2240 2232 2245 2255 2256 2248 2236 2214 2204 2201 2194 2181 2177 2174 2173 2179 2180 2176 2169 2161 2144 2130 2112 2094 2088 2092 2099 2111 2123 2126 2119 2095 2071 2043 2020 2002 1987 1994 2003 2004 2011
2149 2150 2155 2156 2167 2171 2164 2166 2196 2218 2222 2211 2195 2179 2158 2144 2130 2121 2138 2174 2228 2267 2308 2336 2356 2364 2365 2359 2348 2335 2321 2321 2326 2331 2338 2332 2320 2307 2299 2289 2279 2264 2249 2243 2252 2261 2268 2274 2267 2251 2232 2217 2207 2197 2186 2178 2166 2159 2163 2170 2170 2156 2138 2114 2095 2088 2078 2061 2058 2065 2077 2092 2110 2122 2105 2074 2044 2017 1997 1981 1993 2011 1997 1993
2184 2196 2199 2191 2193 2202 2198 2195 2223 2256 2275 2266 2250 2225 2194 2168 2151 2137 2143 2171 2211 2239 2276 2303 2326 2346 2362 2367 2359 2354 2353 2350 2348 2343 2340 2329 2316 2300 2287 2276 2271 2262 2268 2274 2277 2276 2273 2266 2257 2240 2225 2213 2200 2185 2172 2161 2152 2141 2140 2148 2149 2138 2121 2097 2073 2060 2051 2040 2032 2039 2049 2064 2084 2106 2104 2076 2042 2013 1990 1978 1990 2011 2000 1984
2233 2253 2253 2237 2225 2237 2237 2231 2247 2277 2305 2305 2279 2241 2205 2181 2178 2173 2157 2158 2183 2219 2249 2280 2316 2350 2376 2378 2373 2371 2369 2364 2355 2348 2340 2320 2300 2287 2285 2286 2294 2294 2304 2311 2303 2294 2277 2263 2251 2236 2219 2202 2191 2180 2175 2171 2162 2151 2139 2127 2115 2104 2090 2067 2053 2042 2026 2015 2018 2025 2024 2042 2067 2085 2087 2069 2041 2014 1987 1971 1983 2002 1994 1973
2251 2281 2294 2282 2269 2274 2277 2269 2278 2302 2327 2313 2269 2232 2210 2209 2222 2215 2191 2165 2185 2221 2253 2289 2329 2358 2373 2382 2382 2378 2376 2374 2365 2353 2335 2313 2303 2303 2312 2323 2327 2329 2331 2331 2322 2306 2291 2279 2266 2257 2242 2225 2212 2204 2195 2184 2172 2167 2162 2152 2132 2107 2096 2072 2050 2028 2014 2000 2007 2025 2010 2012 2038 2060 2061 2058 2043 2012 1977 1959 1976 1989 1984 1966
2275 2304 2336 2333 2320 2322 2325 2324 2328 2346 2345 2313 2276 2260 2253 2247 2258 2245 2215 2184 2186 2215 2249 2289 2323 2352 2374 2386 2388 2386 2384 2376 2369 2351 2330 2319 2324 2330 2335 2345 2353 2351 2346 2343 2334 2319 2303 2294 2285 2273 2260 2250 2234 2213 2189 2170 2156 2155 2153 2158 2151 2141 2124 2103 2076 2057 2031 2001 1987 1999 2001 1992 2008 2027 2034 2035 2035 2001 1969 1953 1968 1976 1971 1957
2315 2330 2368 2384 2374 2375 2387 2382 2389 2393 2368 2340 2319 2314 2303 2289 2288 2271 2245 2219 2199 2212 2249 2284 2320 2350 2376 2386 2386 2386 2380 2374 2368 2352 2340 2347 2350 2350 2349 2344 2342 2337 2332 2330 2328 2322 2313 2300 2283 2271 2257 2243 2226 2205 2175 2148 2129 2119 2118 2123 2128 2126 2106 2085 2070 2045 2033 2014 1992 1977 1975 1973 1979 1987 1995 2002 2010 1991 1955 1951 1972 1972 1962 1949
2369 2387 2414 2438 2436 2432 2447 2451 2448 2444 2417 2389 2368 2354 2346 2334 2328 2302 2268 2243 2219 2213 2234 2265 2307 2341 2360 2370 2382 2385 2381 2381 2377 2367 2360 2363 2363 2354 2339 2326 2319 2307 2306 2312 2316 2311 2305 2290 2276 2262 2247 2229 2209 2195 2174 2152 2131 2113 2095 2093 2095 2096 2077 2057 2043 2023 2005 1990 1977 1963 1952 1949 1945 1951 1966 1971 1966 1954 1938 1943 1967 1976 1963 1943
2428 2443 2460 2487 2497 2500 2507 2499 2475 2454 2431 2408 2382 2354 2346 2348 2352 2331 2302 2272 2252 2247 2245 2260 2289 2318 2345 2372 2390 2392 2390 2390 2384 2379 2369 2369 2363 2348 2328 2309 2290 2277 2285 2294 2296 2287 2292 2288 2276 2264 2252 2234 2210 2195 2177 2157 2138 2116 2096 2078 2071 2063 2049 2034 2021 2005 1991 1994 1994 1983 1976 1971 1950 1933 1938 1936 1933 1931 1929 1929 1946 1959 1952 1931
2467 2479 2485 2499 2505 2502 2494 2479 2449 2423 2400 2375 2349 2328 2317 2322 2328 2338 2332 2311 2295 2294 2287 2284 2294 2320 2349 2377 2396 2403 2401 2402 2398 2389 2380 2367 2358 2341 2320 2303 2280 2258 2256 2260 2258 2257 2269 2277 2281 2273 2259 2236 2214 2197 2185 2173 2160 2140 2119 2096 2077 2051 2038 2032 2021 2013 2012 2030 2033 2018 1999 1985 1960 1934 1923 1916 1912 1918 1924 1924 1942 1956 1942 1924
2463 2459 2456 2465 2473 2470 2463 2443 2419 2389 2356 2338 2319 2303 2292 2289 2302 2322 2330 2331 2323 2312 2299 2288 2286 2307 2331 2360 2387 2402 2408 2411 2408 2399 2390 2379 2363 2348 2332 2316 2298 2263 2230 2222 2220 2227 2241 2261 2271 2269 2261 2245 2227 2213 2203 2196 2183 2163 2136 2115 2095 2084 2070 2052 2044 2043 2047 2068 2065 2037 2010 1986 1968 1950 1938 1934 1915 1902 1907 1922 1941 1960 1952 1925
2434 2416 2414 2417 2423 2421 2416 2407 2389 2366 2339 2316 2296 2283 2269 2262 2278 2294 2307 2319 2322 2308 2290 2274 2268 2284 2313 2338 2370 2388 2398 2405 2407 2405 2396 2388 2377 2365 2349 2325 2297 2267 2231 2206 2194 2199 2218 2234 2244 2251 2250 2239 2225 2212 2202 2193 2188 2175 2157 2141 2131 2121 2101 2080 2072 2066 2068 2085 2084 2058 2024 1998 1975 1959 1943 1930 1916 1896 1891 1910 1927 1948 1943 1910
2401 2382 2372 2367 2366 2366 2364 2363 2360 2345 2324 2312 2293 2275 2256 2245 2256 2273 2293 2307 2305 2292 2275 2259 2255 2271 2296 2318 2342 2358 2364 2371 2379 2382 2379 2377 2371 2363 2352 2327 2299 2271 2241 2211 2189 2181 2194 2205 2211 2215 2224 2228 2222 2214 2195 2178 2167 2157 2156 2154 2147 2127 2113 2100 2089 2071 2069 2088 2096 2073 2040 2008 1979 1961 1946 1930 1920 1903 1885 1886 1906 1927 1919 1885
2400 2388 2374 2350 2337 2322 2318 2323 2318 2313 2301 2287 2272 2253 2238 2234 2250 2270 2287 2295 2289 2278 2266 2247 2243 2251 2268 2289 2312 2320 2320 2327 2340 2349 2355 2361 2360 2353 2341 2331 2313 2291 2264 2231 2199 2165 2160 2169 2162 2158 2166 2183 2195 2208 2205 2186 2163 2140 2125 2122 2111 2103 2093 2081 2075 2059 2047 2064 2075 2078 2059 2031 2001 1972 1957 1943 1928 1908 1894 1878 1885 1905 1904 1869
2439 2424 2398 2365 2341 2317 2301 2289 2279 2276 2270 2258 2241 2232 2224 2227 2249 2267 2280 2282 2283 2278 2261 2239 2226 2227 2246 2269 2281 2279 2276 2287 2310 2327 2342 2344 2341 2335 2328 2319 2312 2300 2274 2239 2201 2165 2142 2132 2124 2114 2112 2117 2135 2163 2186 2195 2176 2152 2125 2101 2082 2069 2061 2057 2050 2030 2016 2025 2046 2064 2067 2045 2017 1997 1984 1949 1921 1891 1871 1860 1870 1881 1876 1857
