tutorials/large_scale_LEM/DEMData/SRTMGL3_39.93_-105.35_40.0_-105.26.asc
ncols        108
nrows        84
xllcorner    -105.350416666684
yllcorner    39.930416666671
cellsize     0.000833333333
NODATA_value 0
[rows 0 to 37 of 84, columns 0 to 83 of 108]
1948 1934 1921 1930 1931 1921 1925 1956 1989 2012 2033 2047 2054 2047 2028 2023 2044 2074 2088 2092 2088 2074 2049 2044 2052 2035 2009 1982 1954 1937 1947 1944 1919 1907 1909 1902 1913 1925 1946 1974 1991 2001 2008 2001 1984 1977 1996 2031 2067 2102 2119 2119 2115 2093 2066 2043 2020 2013 1998 1984 1969 1941 1913 1889 1897 1918 1917 1902 1864 1811 1783 1757 1744 1744 1740 1735 1737 1735 1731 1732 1727 1727 1728 1726
1941 1948 1947 1957 1962 1938 1930 1960 1989 2013 2036 2055 2063 2056 2038 2040 2046 2072 2101 2125 2133 2121 2097 2093 2084 2059 2032 2001 1967 1956 1964 1954 1930 1930 1926 1919 1942 1950 1946 1964 1996 2020 2032 2025 2003 1997 2008 2032 2064 2093 2100 2094 2082 2056 2025 1992 1973 1964 1947 1940 1934 1919 1899 1874 1862 1871 1887 1894 1859 1810 1777 1757 1752 1762 1752 1747 1745 1747 1747 1740 1733 1736 1740 1735
1963 1979 1984 1983 1973 1952 1937 1956 1983 2008 2037 2062 2073 2072 2060 2067 2076 2082 2105 2140 2156 2157 2142 2126 2104 2084 2048 2012 1987 1986 1984 1968 1952 1951 1945 1932 1954 1979 1980 1974 1989 2016 2038 2045 2027 2017 2022 2032 2053 2074 2079 2069 2048 2022 2003 1979 1958 1931 1915 1905 1896 1886 1873 1856 1837 1825 1838 1845 1830 1788 1770 1762 1768 1774 1772 1763 1758 1758 1758 1750 1742 1745 1746 1744
1991 1996 2004 2003 1992 1970 1949 1954 1980 2003 2037 2072 2097 2100 2088 2088 2101 2107 2115 2139 2151 2146 2135 2116 2095 2069 2042 2013 2003 2002 1996 1989 1979 1979 1964 1947 1969 2002 2020 2006 1998 2018 2044 2064 2060 2044 2047 2055 2061 2065 2057 2042 2035 2035 2035 2020 1972 1933 1913 1904 1889 1876 1867 1854 1835 1826 1817 1807 1798 1785 1784 1782 1794 1801 1801 1785 1771 1770 1765 1759 1758 1752 1750 1750
2026 2027 2035 2028 2006 1976 1954 1964 1994 2024 2046 2081 2114 2131 2124 2114 2127 2138 2141 2138 2139 2128 2116 2098 2083 2060 2044 2033 2030 2023 2020 2018 2007 1985 1963 1962 1990 2030 2054 2045 2020 2027 2047 2062 2074 2084 2081 2079 2073 2062 2047 2048 2052 2043 2021 2005 1979 1945 1944 1949 1934 1920 1899 1872 1867 1862 1851 1834 1833 1826 1808 1805 1821 1832 1825 1806 1792 1789 1787 1782 1773 1765 1757 1752
2070 2057 2045 2023 2003 1977 1960 1983 2020 2057 2084 2110 2137 2155 2156 2147 2162 2172 2167 2150 2137 2124 2109 2090 2082 2082 2084 2075 2066 2054 2042 2026 2006 1981 1982 1994 2016 2049 2074 2069 2051 2047 2067 2085 2095 2099 2094 2087 2080 2070 2059 2065 2070 2052 2030 2018 1997 1971 1984 1989 1977 1952 1915 1890 1889 1902 1899 1890 1881 1857 1834 1829 1841 1841 1829 1819 1809 1804 1813 1809 1792 1772 1766 1760
2088 2067 2041 2016 1993 1979 1970 1993 2031 2068 2098 2128 2149 2173 2187 2189 2193 2195 2183 2162 2141 2121 2114 2103 2097 2111 2123 2118 2094 2062 2039 2026 2015 2002 2006 2031 2049 2061 2089 2102 2091 2074 2089 2115 2127 2121 2116 2114 2100 2085 2070 2068 2078 2066 2060 2053 2028 2007 2012 2025 2009 1983 1949 1916 1908 1924 1931 1906 1889 1871 1866 1862 1864 1861 1840 1826 1825 1835 1833 1815 1793 1775 1768 1779
2101 2072 2044 2020 2000 1984 1972 1995 2029 2057 2084 2103 2128 2157 2183 2206 2218 2217 2201 2178 2159 2143 2130 2120 2119 2131 2147 2140 2107 2080 2073 2063 2048 2030 2038 2070 2090 2089 2108 2130 2137 2126 2129 2151 2155 2146 2144 2139 2118 2094 2068 2072 2091 2089 2090 2084 2061 2039 2027 2043 2036 2004 1978 1951 1940 1940 1936 1923 1916 1915 1907 1894 1887 1873 1854 1843 1849 1847 1834 1813 1795 1777 1784 1799
2114 2088 2059 2033 2018 2002 1985 1989 2014 2032 2057 2084 2112 2142 2171 2202 2227 2227 2214 2197 2179 2160 2137 2137 2149 2158 2174 2156 2126 2128 2122 2101 2073 2058 2082 2115 2127 2132 2145 2166 2177 2172 2169 2172 2173 2160 2146 2123 2103 2082 2073 2081 2099 2113 2122 2118 2088 2073 2049 2059 2072 2057 2024 1995 1978 1977 1980 1977 1968 1967 1955 1924 1894 1875 1861 1862 1862 1847 1826 1811 1794 1791 1809 1808
2125 2111 2077 2059 2038 2015 1994 1986 1999 2019 2042 2064 2091 2127 2160 2191 2221 2236 2231 2212 2183 2159 2144 2157 2172 2186 2197 2178 2157 2167 2165 2135 2098 2091 2119 2153 2180 2188 2196 2203 2203 2194 2178 2165 2151 2138 2119 2102 2089 2093 2103 2099 2100 2117 2136 2134 2107 2081 2067 2085 2116 2102 2070 2037 2016 2020 2028 2040 2031 2009 1975 1932 1907 1897 1885 1877 1864 1844 1824 1804 1806 1819 1820 1804
2124 2113 2084 2056 2032 2018 2010 2000 2002 2035 2070 2083 2091 2118 2158 2193 2222 2250 2251 2228 2195 2167 2151 2159 2180 2197 2205 2191 2183 2190 2182 2148 2127 2134 2157 2187 2220 2231 2226 2218 2206 2192 2172 2155 2140 2128 2123 2107 2101 2123 2142 2133 2118 2115 2126 2127 2107 2086 2084 2097 2127 2136 2110 2075 2056 2066 2085 2101 2089 2031 1974 1946 1923 1905 1887 1871 1853 1833 1824 1823 1834 1832 1822 1805
2118 2103 2078 2058 2054 2049 2031 2014 2007 2036 2072 2102 2124 2151 2180 2206 2243 2272 2265 2234 2203 2172 2159 2171 2190 2210 2213 2201 2197 2206 2197 2174 2154 2168 2197 2225 2239 2241 2231 2220 2208 2195 2183 2169 2154 2140 2122 2107 2125 2150 2161 2160 2145 2137 2129 2135 2120 2109 2125 2129 2147 2162 2140 2101 2095 2113 2143 2152 2099 2038 2001 1962 1925 1898 1884 1868 1847 1839 1841 1847 1845 1837 1825 1810
2127 2124 2109 2097 2088 2068 2051 2031 2018 2022 2054 2089 2124 2153 2177 2206 2238 2273 2268 2239 2205 2176 2173 2192 2214 2231 2231 2220 2212 2221 2221 2209 2194 2196 2226 2252 2257 2253 2245 2231 2224 2214 2201 2185 2167 2144 2119 2127 2153 2167 2171 2178 2171 2157 2148 2154 2138 2132 2154 2180 2193 2198 2179 2149 2142 2153 2173 2161 2119 2062 2008 1963 1928 1909 1885 1867 1862 1866 1863 1858 1848 1840 1829 1809
2155 2160 2152 2131 2107 2087 2066 2047 2039 2031 2050 2082 2112 2129 2146 2171 2206 2246 2266 2253 2220 2195 2181 2200 2226 2243 2247 2239 2232 2235 2242 2247 2236 2222 2241 2260 2264 2261 2249 2239 2232 2225 2204 2182 2163 2142 2129 2136 2147 2165 2182 2194 2190 2178 2174 2173 2150 2148 2180 2213 2239 2243 2227 2214 2191 2158 2143 2127 2104 2058 2008 1974 1945 1922 1895 1882 1888 1884 1877 1866 1856 1844 1830 1810
2190 2194 2173 2151 2131 2106 2079 2063 2058 2041 2047 2071 2088 2096 2116 2146 2181 2221 2250 2261 2244 2220 2198 2199 2220 2244 2262 2264 2254 2249 2254 2267 2257 2239 2246 2265 2270 2262 2255 2245 2230 2211 2193 2170 2153 2143 2138 2143 2153 2166 2184 2204 2217 2218 2210 2191 2169 2161 2189 2221 2258 2276 2267 2245 2204 2166 2141 2123 2088 2055 2016 1993 1960 1920 1904 1907 1902 1892 1887 1871 1863 1851 1837 1828
2212 2213 2198 2170 2145 2120 2093 2092 2095 2066 2052 2070 2103 2126 2134 2142 2167 2199 2240 2276 2281 2252 2227 2208 2220 2247 2268 2281 2277 2265 2267 2280 2271 2256 2254 2266 2274 2269 2263 2249 2232 2203 2177 2165 2165 2158 2161 2165 2165 2177 2185 2201 2224 2240 2241 2230 2211 2193 2192 2217 2254 2285 2284 2265 2231 2213 2183 2156 2136 2098 2023 1987 1950 1929 1928 1921 1907 1896 1886 1872 1866 1858 1854 1847
2237 2238 2223 2196 2174 2143 2114 2118 2118 2088 2070 2093 2126 2157 2175 2184 2190 2206 2238 2283 2308 2290 2262 2239 2230 2243 2258 2274 2288 2292 2300 2306 2294 2279 2278 2278 2282 2273 2259 2241 2215 2193 2181 2185 2181 2178 2191 2193 2181 2195 2208 2210 2216 2240 2264 2265 2244 2227 2219 2232 2267 2302 2309 2285 2250 2228 2203 2161 2128 2074 2024 1973 1958 1963 1949 1926 1915 1903 1894 1883 1873 1866 1856 1845
2272 2263 2242 2217 2192 2161 2137 2144 2134 2099 2081 2087 2110 2145 2180 2207 2228 2248 2260 2295 2325 2309 2277 2259 2256 2257 2262 2285 2311 2325 2334 2335 2318 2304 2296 2296 2291 2272 2247 2228 2215 2207 2212 2209 2196 2202 2223 2221 2207 2217 2238 2241 2234 2241 2264 2284 2277 2275 2270 2267 2293 2328 2313 2275 2246 2212 2180 2131 2099 2043 2014 1999 1995 1992 1960 1937 1920 1909 1894 1878 1859 1847 1831 1818
2286 2284 2260 2232 2214 2193 2178 2168 2148 2133 2117 2102 2105 2130 2166 2205 2234 2269 2304 2332 2348 2330 2305 2293 2298 2295 2297 2315 2328 2343 2355 2353 2339 2324 2320 2318 2305 2280 2253 2245 2256 2248 2242 2233 2219 2215 2245 2255 2244 2245 2267 2276 2272 2272 2282 2304 2321 2330 2324 2310 2321 2350 2337 2296 2262 2230 2193 2161 2118 2077 2053 2040 2020 1991 1948 1921 1896 1884 1865 1851 1833 1818 1805 1801
2283 2296 2288 2265 2251 2235 2219 2196 2184 2185 2163 2133 2129 2140 2160 2188 2221 2258 2301 2334 2361 2358 2346 2341 2348 2340 2337 2349 2347 2351 2354 2354 2345 2336 2338 2341 2321 2300 2282 2283 2297 2284 2267 2259 2242 2239 2262 2283 2279 2281 2301 2314 2321 2315 2321 2336 2361 2380 2374 2359 2369 2380 2361 2331 2303 2277 2240 2204 2147 2116 2079 2042 2002 1973 1941 1913 1888 1869 1853 1840 1823 1814 1821 1825
2283 2287 2298 2300 2293 2286 2262 2239 2236 2221 2184 2149 2147 2174 2194 2216 2241 2258 2285 2321 2354 2371 2372 2367 2363 2359 2354 2357 2353 2354 2355 2353 2349 2348 2346 2342 2336 2325 2310 2316 2329 2319 2303 2294 2272 2273 2290 2309 2306 2307 2328 2341 2349 2361 2372 2382 2402 2426 2422 2405 2408 2409 2400 2380 2352 2320 2282 2233 2187 2125 2080 2039 2007 1989 1958 1925 1902 1892 1886 1864 1836 1830 1842 1841
2309 2297 2300 2314 2324 2328 2309 2287 2267 2229 2191 2176 2183 2189 2212 2248 2274 2284 2288 2309 2334 2361 2368 2365 2360 2353 2350 2349 2348 2348 2349 2350 2348 2346 2338 2339 2337 2335 2329 2329 2332 2333 2336 2328 2313 2314 2323 2335 2329 2327 2327 2334 2345 2364 2380 2397 2417 2443 2462 2443 2412 2396 2391 2387 2365 2344 2314 2257 2196 2135 2097 2067 2039 1990 1965 1945 1933 1916 1902 1873 1847 1841 1851 1842
2324 2311 2306 2316 2329 2339 2332 2308 2274 2234 2199 2220 2244 2225 2217 2238 2261 2284 2309 2325 2338 2357 2365 2361 2356 2351 2345 2341 2340 2340 2340 2338 2333 2329 2326 2328 2327 2319 2320 2317 2321 2332 2342 2341 2331 2324 2330 2332 2325 2318 2317 2328 2338 2350 2364 2379 2401 2432 2457 2446 2395 2358 2339 2329 2333 2330 2313 2275 2238 2161 2119 2069 2032 2000 2003 1988 1954 1927 1915 1886 1858 1856 1862 1848
2347 2340 2329 2327 2338 2347 2328 2300 2274 2244 2237 2264 2273 2252 2246 2265 2275 2293 2316 2339 2349 2359 2366 2362 2355 2354 2349 2347 2344 2332 2325 2320 2318 2317 2315 2308 2306 2300 2301 2305 2312 2325 2333 2324 2320 2312 2310 2316 2309 2299 2308 2317 2319 2333 2348 2363 2382 2412 2441 2426 2379 2337 2300 2279 2286 2293 2297 2277 2244 2187 2121 2083 2063 2047 2036 1997 1966 1941 1925 1904 1876 1865 1872 1855
2391 2376 2363 2354 2359 2353 2327 2294 2267 2258 2277 2299 2298 2273 2271 2297 2319 2333 2336 2347 2355 2360 2362 2363 2358 2354 2352 2349 2345 2333 2325 2319 2310 2309 2305 2301 2292 2285 2285 2287 2301 2314 2314 2313 2312 2296 2294 2302 2293 2291 2302 2302 2310 2332 2336 2337 2361 2393 2424 2422 2356 2317 2269 2235 2223 2229 2240 2242 2233 2190 2148 2118 2099 2061 2033 1996 1965 1943 1916 1902 1880 1881 1892 1866
2426 2411 2400 2387 2381 2360 2333 2298 2280 2284 2314 2328 2317 2291 2289 2312 2342 2352 2355 2357 2359 2357 2355 2357 2357 2354 2352 2347 2342 2335 2331 2332 2325 2324 2319 2321 2316 2302 2291 2282 2284 2292 2299 2304 2296 2283 2285 2285 2270 2274 2284 2303 2318 2321 2310 2309 2341 2375 2403 2411 2368 2304 2253 2217 2186 2176 2185 2191 2204 2173 2124 2105 2073 2030 1995 1969 1939 1920 1901 1888 1890 1910 1911 1880
2446 2434 2421 2408 2397 2378 2360 2337 2310 2306 2332 2348 2343 2324 2327 2337 2348 2352 2356 2364 2365 2364 2359 2356 2358 2355 2352 2349 2345 2343 2342 2340 2336 2336 2333 2332 2334 2328 2315 2292 2270 2269 2282 2287 2275 2264 2277 2272 2253 2264 2283 2299 2298 2289 2285 2301 2330 2361 2393 2412 2381 2317 2260 2219 2183 2152 2137 2133 2124 2112 2092 2056 2032 1995 1965 1952 1945 1930 1909 1894 1905 1919 1922 1899
2455 2446 2435 2425 2410 2397 2380 2359 2341 2342 2356 2368 2367 2361 2359 2364 2364 2360 2361 2365 2364 2359 2362 2356 2351 2348 2357 2356 2353 2348 2345 2343 2342 2344 2344 2342 2338 2332 2318 2303 2288 2269 2258 2256 2249 2250 2258 2252 2242 2259 2272 2277 2269 2274 2291 2316 2342 2363 2384 2411 2401 2339 2278 2232 2197 2159 2126 2104 2090 2079 2071 2058 2036 2018 2006 1999 1979 1942 1910 1892 1897 1897 1907 1906
2456 2452 2443 2431 2421 2408 2390 2386 2384 2384 2392 2393 2388 2382 2382 2381 2377 2372 2369 2366 2360 2354 2357 2355 2338 2336 2357 2363 2354 2343 2339 2332 2331 2340 2350 2345 2337 2328 2321 2306 2290 2272 2259 2263 2261 2252 2241 2233 2231 2239 2251 2252 2252 2284 2313 2320 2318 2330 2353 2389 2403 2363 2300 2247 2218 2189 2158 2142 2129 2121 2124 2113 2084 2060 2030 1990 1967 1940 1906 1886 1876 1870 1882 1896
2443 2442 2442 2434 2423 2413 2404 2406 2411 2413 2410 2408 2404 2399 2397 2391 2389 2381 2373 2368 2355 2340 2329 2324 2314 2322 2341 2356 2351 2333 2320 2315 2315 2328 2338 2333 2338 2333 2326 2313 2299 2281 2283 2294 2294 2287 2271 2254 2233 2225 2226 2231 2254 2287 2299 2284 2279 2295 2328 2375 2405 2392 2335 2295 2262 2232 2214 2198 2189 2187 2182 2145 2095 2070 2029 1999 1979 1944 1919 1899 1874 1853 1850 1859
2428 2437 2437 2428 2420 2416 2415 2419 2418 2418 2414 2409 2406 2404 2401 2397 2390 2386 2383 2379 2365 2349 2332 2311 2292 2297 2315 2327 2333 2320 2303 2299 2305 2324 2334 2323 2324 2323 2318 2319 2312 2307 2306 2317 2315 2298 2276 2268 2257 2237 2219 2226 2254 2268 2256 2244 2255 2282 2319 2362 2401 2401 2350 2314 2271 2223 2202 2194 2202 2218 2201 2165 2125 2073 2034 1987 1961 1939 1915 1902 1875 1845 1835 1838
2418 2434 2426 2412 2409 2412 2413 2416 2413 2406 2399 2400 2401 2405 2406 2402 2396 2394 2389 2386 2375 2359 2341 2316 2285 2274 2285 2302 2306 2298 2287 2294 2309 2330 2335 2316 2303 2303 2313 2328 2332 2332 2333 2331 2319 2306 2286 2266 2256 2237 2216 2209 2224 2227 2220 2218 2245 2282 2316 2338 2359 2376 2357 2310 2251 2194 2161 2145 2156 2176 2175 2159 2126 2081 2038 1990 1958 1935 1912 1884 1858 1845 1852 1868
2418 2430 2411 2393 2386 2392 2396 2397 2391 2380 2375 2385 2390 2398 2407 2407 2401 2395 2395 2394 2382 2358 2329 2299 2273 2257 2274 2284 2281 2276 2286 2312 2328 2339 2333 2309 2290 2289 2309 2325 2332 2337 2340 2340 2333 2314 2294 2269 2244 2225 2209 2197 2199 2193 2190 2208 2245 2277 2294 2292 2302 2319 2321 2305 2252 2151 2128 2105 2106 2118 2128 2120 2091 2065 2016 1984 1961 1932 1902 1870 1857 1865 1882 1902
2387 2391 2383 2371 2359 2360 2363 2365 2361 2353 2351 2363 2376 2390 2404 2403 2395 2387 2393 2395 2382 2351 2318 2288 2265 2251 2268 2275 2266 2278 2300 2320 2325 2331 2331 2309 2288 2274 2287 2306 2325 2331 2334 2329 2327 2320 2304 2288 2265 2241 2221 2198 2190 2176 2174 2196 2221 2248 2259 2248 2246 2261 2274 2267 2211 2157 2122 2076 2064 2061 2051 2043 2036 2016 1986 1953 1933 1910 1889 1885 1882 1885 1905 1930
2345 2349 2349 2347 2339 2331 2332 2333 2333 2327 2328 2343 2365 2388 2397 2392 2377 2370 2375 2369 2351 2334 2309 2284 2257 2244 2262 2267 2267 2283 2297 2299 2297 2309 2313 2303 2286 2262 2262 2279 2301 2311 2318 2311 2314 2320 2310 2301 2281 2269 2259 2237 2215 2182 2163 2166 2180 2200 2212 2204 2195 2208 2214 2212 2197 2165 2124 2080 2045 2031 2018 2005 1993 1980 1973 1962 1954 1943 1936 1927 1901 1895 1915 1940
2317 2317 2315 2315 2315 2313 2312 2314 2314 2311 2315 2334 2362 2386 2389 2378 2356 2347 2352 2336 2314 2298 2284 2268 2248 2234 2248 2257 2271 2274 2280 2287 2281 2281 2280 2270 2261 2245 2239 2253 2274 2293 2301 2289 2291 2298 2290 2281 2272 2274 2281 2258 2222 2193 2172 2156 2150 2163 2163 2154 2150 2164 2164 2150 2148 2134 2097 2059 2038 2025 2021 2021 2021 2023 2026 2016 2011 2002 1978 1948 1922 1912 1926 1950
2294 2294 2293 2295 2298 2295 2298 2300 2296 2295 2308 2326 2347 2361 2369 2365 2350 2337 2329 2316 2294 2274 2262 2248 2229 2226 2238 2254 2268 2265 2271 2285 2289 2277 2265 2251 2239 2225 2228 2252 2278 2291 2286 2272 2258 2265 2265 2257 2257 2273 2288 2272 2253 2235 2210 2180 2149 2137 2132 2122 2117 2123 2121 2099 2085 2077 2060 2042 2043 2055 2067 2078 2083 2085 2073 2068 2054 2023 1991 1958 1936 1933 1946 1964
2296 2283 2280 2282 2281 2281 2287 2289 2282 2289 2303 2314 2328 2339 2346 2344 2336 2326 2311 2298 2283 2270 2251 2233 2217 2216 2232 2248 2251 2256 2270 2283 2286 2282 2276 2263 2238 2219 2216 2237 2259 2269 2260 2251 2240 2240 2237 2234 2250 2272 2283 2287 2291 2280 2257 2220 2186 2156 2149 2148 2126 2104 2094 2090 2091 2094 2092 2082 2084 2102 2127 2143 2158 2144 2121 2106 2086 2052 2014 1973 1962 1959 1963 1975
