tutorials/large_scale_LEM/DEMData/SRTMGL3_39.9_-106_40_-105.9.asc
ncols        120
nrows        120
xllcorner    -106.000416666683
yllcorner    39.900416666671
cellsize     0.000833333333
NODATA_value 0
[rows 0 to 37 of 120, columns 0 to 83 of 120]
2797 2783 2766 2751 2739 2734 2743 2757 2774 2788 2800 2803 2776 2750 2735 2727 2717 2704 2689 2675 2662 2649 2638 2628 2612 2607 2602 2602 2612 2619 2622 2623 2625 2625 2622 2611 2603 2614 2628 2641 2654 2664 2668 2683 2703 2733 2769 2807 2833 2858 2880 2900 2920 2925 2915 2906 2903 2905 2896 2883 2866 2851 2847 2839 2820 2788 2756 2727 2703 2679 2670 2667 2659 2652 2645 2649 2647 2644 2639 2642 2650 2649 2646 2646
2805 2789 2776 2763 2753 2748 2753 2770 2791 2799 2801 2802 2789 2761 2735 2721 2715 2705 2693 2680 2671 2664 2648 2629 2611 2609 2606 2610 2622 2627 2626 2630 2634 2634 2632 2625 2608 2610 2621 2632 2646 2660 2669 2685 2703 2724 2755 2788 2817 2845 2866 2888 2909 2923 2928 2930 2933 2933 2920 2905 2885 2873 2857 2833 2809 2778 2750 2728 2706 2691 2682 2677 2668 2659 2655 2651 2648 2645 2644 2655 2660 2656 2651 2650
2813 2802 2791 2776 2768 2765 2766 2783 2806 2809 2807 2800 2795 2773 2744 2721 2712 2705 2693 2683 2675 2662 2646 2628 2618 2616 2620 2626 2629 2638 2640 2636 2633 2628 2622 2623 2611 2610 2622 2631 2643 2654 2665 2682 2699 2713 2736 2769 2799 2829 2854 2881 2902 2910 2918 2934 2951 2953 2942 2925 2901 2880 2851 2821 2797 2771 2748 2727 2709 2696 2687 2681 2672 2660 2652 2650 2654 2654 2649 2661 2668 2666 2659 2656
2841 2822 2810 2796 2786 2777 2776 2795 2813 2816 2813 2805 2799 2786 2757 2725 2702 2687 2676 2669 2658 2645 2633 2627 2625 2622 2631 2640 2645 2651 2655 2649 2640 2624 2617 2616 2612 2615 2627 2636 2646 2652 2662 2678 2691 2704 2724 2754 2783 2811 2839 2866 2884 2895 2910 2928 2939 2946 2948 2934 2908 2882 2856 2832 2801 2771 2746 2718 2698 2692 2683 2672 2664 2656 2659 2662 2663 2659 2656 2667 2673 2674 2668 2663
2871 2844 2827 2812 2800 2786 2789 2807 2820 2824 2819 2807 2792 2776 2755 2731 2698 2677 2666 2657 2645 2640 2639 2638 2636 2632 2642 2651 2660 2667 2668 2661 2650 2637 2625 2620 2614 2614 2626 2636 2647 2654 2660 2673 2686 2700 2716 2741 2768 2793 2818 2843 2862 2884 2906 2920 2921 2929 2934 2927 2903 2873 2848 2824 2796 2765 2737 2711 2687 2676 2670 2664 2665 2669 2670 2665 2662 2662 2668 2673 2675 2675 2671 2670
2896 2872 2848 2826 2810 2798 2803 2821 2832 2831 2819 2795 2766 2746 2727 2708 2691 2684 2675 2670 2667 2659 2654 2650 2646 2644 2658 2666 2671 2678 2683 2674 2662 2648 2638 2632 2630 2621 2620 2627 2638 2650 2661 2675 2683 2697 2704 2724 2754 2781 2805 2831 2856 2877 2891 2898 2901 2913 2918 2909 2888 2856 2829 2804 2780 2759 2730 2705 2691 2680 2676 2680 2679 2674 2668 2661 2663 2670 2675 2676 2677 2676 2675 2673
2918 2893 2861 2836 2817 2820 2826 2833 2839 2825 2797 2767 2740 2732 2722 2710 2710 2718 2703 2697 2688 2675 2669 2665 2661 2660 2669 2676 2683 2691 2697 2689 2675 2663 2654 2643 2636 2629 2622 2625 2632 2644 2655 2667 2678 2690 2698 2713 2739 2770 2792 2811 2834 2859 2877 2880 2886 2900 2902 2894 2873 2842 2814 2793 2768 2747 2727 2714 2706 2697 2689 2685 2681 2673 2666 2671 2677 2679 2680 2679 2677 2675 2674 2673
2925 2899 2868 2847 2847 2849 2844 2834 2820 2803 2780 2754 2747 2745 2739 2739 2745 2737 2725 2715 2704 2690 2684 2684 2684 2678 2684 2690 2699 2706 2713 2704 2691 2670 2652 2644 2644 2635 2631 2635 2633 2644 2655 2662 2671 2683 2695 2708 2724 2753 2777 2795 2819 2845 2861 2860 2872 2883 2880 2878 2862 2829 2798 2776 2755 2736 2725 2716 2707 2700 2691 2686 2680 2674 2681 2686 2687 2687 2685 2681 2678 2675 2675 2676
2918 2898 2882 2874 2869 2859 2840 2826 2811 2796 2785 2776 2761 2755 2760 2771 2767 2747 2740 2734 2731 2718 2707 2701 2698 2696 2703 2705 2711 2715 2715 2705 2691 2678 2664 2653 2645 2637 2641 2647 2641 2642 2652 2659 2666 2677 2696 2712 2723 2735 2754 2770 2791 2817 2830 2837 2857 2862 2855 2855 2842 2818 2788 2769 2746 2722 2715 2711 2703 2695 2688 2679 2675 2679 2690 2694 2693 2692 2690 2686 2682 2682 2681 2681
2928 2919 2912 2904 2889 2869 2849 2831 2817 2808 2800 2792 2782 2780 2791 2791 2777 2758 2753 2749 2747 2745 2732 2725 2718 2714 2717 2721 2722 2720 2717 2708 2694 2685 2675 2658 2645 2651 2657 2655 2650 2652 2660 2663 2670 2681 2697 2714 2725 2734 2742 2752 2766 2787 2803 2824 2841 2843 2837 2828 2819 2801 2773 2755 2728 2710 2701 2700 2691 2684 2679 2675 2680 2684 2693 2696 2694 2693 2696 2693 2688 2686 2684 2681
2955 2948 2930 2917 2901 2881 2861 2844 2834 2825 2814 2808 2801 2803 2810 2803 2790 2776 2767 2765 2762 2760 2754 2754 2739 2730 2732 2735 2733 2728 2720 2708 2696 2685 2671 2653 2656 2672 2676 2667 2660 2660 2674 2678 2682 2689 2699 2713 2725 2732 2738 2747 2756 2767 2785 2805 2821 2824 2815 2805 2791 2774 2757 2741 2719 2708 2702 2697 2686 2682 2685 2691 2691 2691 2693 2696 2695 2694 2694 2692 2688 2686 2684 2679
2976 2968 2946 2922 2894 2879 2869 2859 2848 2837 2831 2826 2822 2825 2827 2819 2807 2797 2787 2780 2773 2773 2771 2774 2764 2748 2744 2745 2744 2736 2722 2709 2699 2684 2666 2658 2670 2687 2688 2678 2671 2669 2686 2694 2692 2696 2704 2714 2724 2729 2734 2744 2754 2763 2779 2796 2805 2804 2793 2785 2777 2765 2756 2742 2724 2717 2712 2711 2703 2700 2705 2704 2699 2694 2693 2694 2691 2690 2689 2687 2681 2678 2675 2670
2995 2984 2961 2933 2908 2896 2888 2876 2863 2854 2845 2846 2845 2844 2841 2833 2826 2819 2810 2804 2797 2790 2786 2786 2786 2770 2756 2757 2759 2751 2733 2718 2702 2686 2674 2670 2679 2696 2700 2691 2681 2679 2698 2708 2705 2702 2705 2713 2723 2729 2739 2745 2753 2765 2782 2794 2797 2793 2785 2775 2769 2763 2757 2749 2736 2728 2725 2723 2717 2710 2708 2707 2704 2702 2699 2697 2695 2693 2692 2689 2685 2678 2676 2673
2999 2996 2981 2955 2925 2910 2897 2888 2874 2866 2863 2864 2862 2860 2852 2840 2831 2827 2825 2824 2818 2810 2803 2801 2806 2796 2776 2769 2770 2766 2752 2735 2710 2688 2679 2677 2683 2698 2706 2702 2692 2693 2708 2720 2723 2717 2712 2717 2725 2733 2743 2747 2755 2767 2783 2786 2780 2778 2771 2763 2758 2753 2751 2746 2746 2743 2738 2728 2721 2715 2710 2707 2705 2704 2703 2700 2698 2694 2691 2688 2682 2677 2672 2670
3006 3012 3002 2973 2942 2916 2897 2892 2882 2874 2878 2872 2864 2859 2850 2845 2846 2846 2842 2840 2835 2826 2818 2817 2827 2809 2787 2780 2776 2772 2757 2741 2718 2700 2693 2691 2691 2696 2699 2705 2703 2700 2715 2728 2728 2723 2721 2726 2735 2741 2747 2752 2758 2765 2773 2772 2765 2762 2761 2751 2746 2743 2741 2742 2743 2745 2744 2732 2721 2713 2704 2698 2698 2698 2695 2692 2689 2684 2681 2675 2671 2668 2665 2666
3029 3029 3019 2996 2970 2941 2909 2896 2892 2882 2883 2869 2857 2855 2853 2854 2859 2858 2854 2853 2848 2836 2821 2818 2820 2808 2796 2796 2785 2769 2756 2743 2727 2713 2701 2699 2706 2710 2704 2705 2706 2711 2726 2734 2735 2741 2744 2743 2744 2751 2756 2760 2762 2761 2761 2756 2750 2750 2748 2743 2735 2729 2726 2729 2731 2736 2738 2730 2712 2702 2694 2691 2689 2687 2684 2680 2678 2677 2677 2676 2675 2674 2671 2668
3050 3048 3026 3004 2984 2953 2923 2900 2891 2889 2888 2882 2874 2868 2862 2857 2854 2852 2852 2851 2851 2841 2822 2808 2811 2810 2814 2816 2803 2788 2771 2755 2738 2717 2707 2715 2728 2730 2721 2715 2714 2724 2735 2742 2743 2750 2756 2758 2762 2765 2768 2770 2766 2761 2754 2747 2740 2736 2736 2733 2730 2720 2713 2713 2714 2720 2727 2720 2707 2697 2692 2689 2684 2681 2680 2682 2681 2682 2683 2681 2679 2677 2674 2670
3067 3052 3027 3011 2994 2961 2928 2903 2891 2889 2891 2892 2892 2886 2876 2863 2853 2849 2847 2848 2847 2836 2822 2812 2815 2820 2834 2833 2820 2803 2775 2750 2732 2722 2727 2734 2737 2740 2736 2731 2727 2735 2739 2746 2749 2756 2766 2774 2776 2780 2780 2779 2776 2768 2761 2752 2745 2741 2739 2736 2736 2730 2723 2713 2703 2704 2707 2705 2698 2692 2690 2687 2687 2691 2692 2689 2687 2683 2681 2681 2677 2675 2671 2667
3065 3047 3032 3022 3008 2982 2946 2909 2888 2884 2883 2887 2893 2887 2880 2868 2859 2862 2859 2854 2846 2834 2826 2824 2824 2831 2844 2849 2829 2796 2772 2746 2737 2742 2756 2759 2754 2747 2744 2744 2745 2750 2753 2756 2758 2761 2768 2776 2781 2783 2779 2774 2771 2769 2765 2762 2756 2751 2745 2740 2738 2735 2729 2720 2709 2698 2693 2692 2690 2690 2694 2695 2696 2694 2693 2690 2688 2685 2681 2676 2672 2669 2667 2664
3063 3047 3036 3028 3015 2996 2971 2939 2915 2905 2899 2897 2896 2891 2883 2879 2874 2872 2868 2861 2851 2842 2838 2834 2825 2818 2824 2829 2820 2794 2759 2747 2755 2762 2782 2791 2781 2769 2759 2763 2766 2768 2772 2775 2770 2767 2770 2773 2774 2776 2773 2765 2759 2761 2759 2753 2746 2738 2733 2732 2728 2726 2721 2714 2707 2699 2694 2696 2697 2700 2702 2703 2700 2696 2693 2689 2685 2681 2677 2674 2673 2671 2669 2666
3059 3051 3045 3040 3026 3019 3007 2980 2953 2944 2934 2924 2919 2913 2900 2896 2892 2889 2882 2877 2872 2863 2847 2826 2809 2797 2793 2790 2783 2774 2765 2772 2780 2784 2803 2819 2817 2805 2791 2780 2773 2778 2783 2785 2786 2785 2777 2772 2768 2763 2759 2750 2743 2741 2737 2731 2728 2721 2716 2716 2712 2709 2707 2703 2700 2699 2700 2701 2705 2706 2705 2702 2697 2693 2688 2684 2681 2677 2675 2673 2673 2671 2668 2665
3062 3057 3057 3054 3049 3044 3036 3011 2981 2972 2964 2949 2935 2924 2914 2907 2905 2903 2895 2891 2887 2878 2858 2833 2813 2803 2800 2788 2776 2776 2792 2809 2809 2806 2823 2842 2844 2831 2807 2787 2782 2787 2795 2795 2798 2796 2790 2785 2774 2762 2760 2750 2743 2739 2734 2733 2725 2714 2710 2708 2698 2693 2691 2693 2689 2688 2694 2696 2696 2696 2694 2691 2686 2685 2681 2678 2674 2671 2669 2667 2665 2662 2659 2658
3082 3081 3075 3074 3070 3066 3059 3032 2993 2984 2982 2974 2958 2939 2919 2908 2911 2913 2912 2906 2896 2882 2862 2842 2833 2825 2811 2798 2792 2800 2813 2831 2832 2828 2838 2861 2867 2858 2834 2809 2801 2807 2811 2812 2811 2809 2802 2797 2790 2779 2771 2764 2760 2758 2755 2751 2747 2738 2734 2731 2720 2712 2707 2704 2690 2681 2680 2679 2679 2679 2677 2673 2671 2670 2667 2665 2663 2661 2659 2658 2656 2652 2651 2650
3101 3099 3096 3094 3085 3079 3071 3037 3001 2988 2990 2995 2984 2952 2928 2918 2917 2917 2910 2903 2895 2879 2864 2856 2845 2836 2827 2816 2813 2819 2829 2847 2858 2854 2858 2871 2884 2885 2872 2853 2842 2841 2841 2839 2833 2824 2821 2814 2805 2796 2789 2781 2775 2776 2779 2777 2775 2768 2760 2754 2747 2739 2728 2709 2691 2681 2679 2679 2679 2675 2674 2672 2670 2668 2666 2666 2664 2662 2663 2662 2659 2654 2651 2650
3120 3114 3116 3112 3101 3089 3075 3041 3012 3003 3001 3004 2996 2968 2943 2930 2925 2919 2907 2895 2886 2876 2864 2860 2853 2850 2841 2833 2832 2836 2847 2863 2881 2884 2880 2883 2896 2907 2904 2897 2890 2885 2877 2868 2861 2849 2840 2835 2822 2811 2801 2793 2790 2794 2797 2799 2800 2793 2778 2765 2754 2743 2729 2706 2689 2683 2682 2681 2679 2678 2677 2675 2674 2678 2676 2672 2673 2676 2676 2672 2661 2655 2653 2652
3139 3134 3127 3124 3116 3105 3080 3047 3036 3022 3013 3006 2994 2976 2961 2944 2924 2911 2906 2899 2888 2878 2872 2868 2867 2865 2857 2850 2850 2851 2862 2884 2904 2907 2903 2903 2910 2922 2927 2928 2933 2928 2918 2906 2895 2885 2872 2861 2850 2833 2818 2812 2808 2804 2812 2819 2812 2798 2779 2757 2737 2719 2704 2696 2697 2698 2698 2698 2698 2694 2691 2690 2683 2682 2679 2679 2677 2676 2671 2666 2658 2657 2658 2663
3150 3150 3146 3136 3129 3112 3079 3058 3047 3027 3018 3012 3001 2985 2970 2959 2938 2920 2911 2908 2902 2893 2885 2881 2885 2891 2885 2874 2867 2866 2880 2898 2918 2926 2923 2922 2924 2933 2941 2944 2950 2952 2951 2943 2932 2923 2912 2902 2887 2870 2845 2832 2822 2816 2822 2831 2820 2793 2768 2740 2718 2706 2713 2729 2732 2728 2727 2724 2716 2712 2705 2703 2700 2698 2695 2697 2691 2677 2664 2663 2665 2673 2680 2686
3169 3169 3164 3149 3128 3096 3075 3067 3052 3038 3028 3019 3004 2989 2982 2974 2958 2940 2925 2920 2914 2908 2905 2900 2899 2902 2909 2902 2892 2888 2894 2907 2926 2938 2936 2933 2927 2923 2927 2932 2936 2941 2950 2954 2953 2946 2934 2925 2909 2890 2870 2861 2852 2841 2835 2832 2816 2791 2762 2729 2711 2718 2743 2764 2767 2760 2754 2742 2733 2726 2719 2715 2706 2705 2704 2700 2687 2670 2672 2682 2690 2695 2700 2702
3188 3175 3165 3136 3108 3091 3080 3070 3056 3045 3041 3031 3011 3001 2997 2985 2972 2963 2946 2940 2932 2929 2919 2913 2909 2906 2911 2921 2918 2905 2901 2908 2920 2930 2932 2922 2910 2900 2898 2900 2908 2915 2920 2924 2927 2929 2924 2912 2896 2885 2879 2875 2870 2859 2842 2822 2798 2768 2742 2720 2720 2736 2764 2787 2795 2784 2771 2759 2748 2738 2731 2718 2698 2693 2693 2691 2684 2679 2688 2703 2715 2721 2724 2725
3202 3172 3138 3112 3098 3091 3082 3071 3057 3057 3057 3040 3023 3015 3009 3000 2991 2982 2972 2963 2955 2947 2936 2929 2928 2919 2916 2922 2921 2917 2913 2909 2914 2913 2910 2900 2885 2874 2870 2869 2875 2884 2890 2886 2886 2886 2887 2875 2857 2851 2852 2854 2850 2840 2826 2806 2775 2743 2726 2731 2742 2749 2769 2797 2815 2806 2790 2778 2763 2751 2742 2729 2706 2687 2688 2687 2686 2694 2713 2723 2737 2748 2752 2752
3206 3157 3124 3108 3100 3092 3084 3076 3070 3073 3066 3048 3034 3025 3023 3019 3013 3004 2994 2986 2970 2961 2949 2943 2945 2938 2930 2927 2933 2929 2919 2914 2913 2908 2896 2882 2870 2855 2843 2842 2845 2853 2853 2846 2840 2842 2847 2844 2826 2816 2819 2815 2806 2796 2787 2772 2752 2733 2745 2763 2775 2777 2777 2798 2819 2823 2808 2794 2779 2763 2752 2733 2705 2687 2685 2686 2698 2713 2729 2741 2759 2773 2781 2779
3176 3145 3130 3117 3109 3100 3093 3090 3091 3086 3076 3067 3058 3050 3044 3037 3030 3022 3012 3004 2987 2976 2965 2953 2954 2953 2946 2946 2958 2951 2934 2924 2923 2918 2906 2896 2881 2862 2839 2826 2822 2821 2818 2807 2802 2799 2804 2807 2801 2788 2785 2776 2768 2758 2748 2739 2731 2738 2764 2793 2807 2807 2799 2807 2828 2838 2833 2813 2792 2779 2758 2736 2716 2692 2686 2695 2713 2731 2749 2760 2779 2797 2809 2808
3159 3152 3141 3129 3118 3114 3111 3107 3100 3093 3087 3083 3077 3073 3065 3055 3045 3035 3026 3019 3007 2995 2981 2968 2962 2963 2965 2975 2980 2973 2961 2950 2947 2941 2926 2910 2892 2869 2847 2830 2818 2804 2790 2781 2779 2773 2770 2772 2770 2765 2759 2752 2748 2744 2741 2735 2732 2746 2774 2804 2831 2840 2831 2832 2848 2861 2863 2846 2822 2797 2777 2759 2732 2703 2688 2700 2723 2741 2761 2778 2799 2818 2834 2838
3144 3163 3158 3143 3137 3133 3131 3130 3123 3116 3107 3098 3088 3082 3078 3066 3056 3047 3038 3028 3017 3009 2993 2976 2970 2979 2990 2996 2994 2984 2976 2968 2960 2953 2937 2915 2885 2862 2844 2829 2820 2805 2789 2784 2788 2783 2773 2763 2757 2757 2756 2760 2764 2766 2767 2758 2744 2747 2777 2809 2842 2862 2863 2864 2869 2881 2885 2874 2850 2815 2790 2761 2732 2706 2699 2713 2732 2752 2771 2790 2813 2837 2856 2871
3118 3141 3156 3157 3160 3156 3152 3147 3139 3129 3123 3116 3108 3093 3081 3073 3066 3062 3056 3046 3032 3022 3008 2991 2982 2989 2996 3003 3006 3000 2986 2971 2957 2948 2937 2917 2884 2861 2851 2842 2828 2809 2796 2795 2791 2786 2778 2772 2771 2774 2779 2787 2793 2796 2789 2772 2753 2763 2785 2811 2842 2872 2888 2894 2895 2897 2889 2876 2859 2828 2790 2757 2726 2707 2712 2728 2744 2757 2779 2800 2823 2848 2872 2896
3081 3100 3120 3140 3155 3160 3160 3155 3147 3140 3134 3131 3126 3114 3102 3090 3082 3079 3071 3062 3053 3043 3029 3010 2998 2997 3006 3010 3008 3004 2982 2960 2945 2937 2933 2918 2890 2869 2854 2841 2823 2808 2805 2802 2796 2791 2786 2788 2796 2796 2803 2811 2814 2810 2792 2771 2755 2774 2797 2819 2845 2872 2898 2914 2917 2906 2885 2865 2845 2821 2786 2752 2731 2710 2723 2740 2753 2768 2789 2809 2829 2853 2880 2906
3054 3072 3090 3113 3138 3160 3175 3173 3163 3154 3144 3144 3141 3132 3119 3109 3104 3098 3092 3082 3067 3056 3047 3032 3017 3011 3011 3013 3004 2989 2968 2950 2943 2934 2925 2905 2883 2860 2842 2832 2828 2819 2819 2813 2808 2805 2807 2810 2812 2825 2831 2828 2821 2815 2797 2774 2757 2776 2808 2833 2853 2878 2901 2921 2926 2913 2888 2866 2838 2810 2789 2766 2739 2722 2732 2747 2763 2776 2795 2811 2827 2852 2881 2907
3035 3053 3067 3088 3114 3138 3159 3171 3178 3177 3171 3165 3155 3145 3134 3127 3117 3112 3108 3101 3092 3079 3069 3058 3039 3021 3013 3008 2995 2980 2967 2952 2939 2923 2911 2889 2871 2863 2853 2843 2843 2834 2833 2832 2830 2831 2833 2831 2829 2841 2851 2847 2832 2815 2800 2778 2766 2777 2809 2841 2865 2886 2908 2926 2927 2912 2892 2865 2845 2835 2822 2800 2764 2743 2745 2755 2767 2782 2800 2820 2833 2853 2876 2904
