tutorials/large_scale_LEM/DEMData/SRTMGL3_39.9_-106_40_-105.9.asc
ncols        120
nrows        120
xllcorner    -106.000416666683
yllcorner    39.900416666671
cellsize     0.000833333333
NODATA_value 0
[rows 38 to 75 of 120, columns 0 to 83 of 120]
3023 3038 3052 3067 3085 3104 3125 3142 3156 3172 3177 3173 3168 3159 3152 3150 3137 3131 3126 3118 3111 3100 3088 3073 3053 3031 3016 3007 2997 2988 2975 2956 2944 2929 2916 2909 2898 2885 2871 2864 2863 2849 2846 2852 2854 2859 2857 2853 2851 2853 2863 2856 2843 2828 2811 2789 2777 2773 2802 2835 2867 2894 2915 2927 2925 2909 2894 2881 2873 2867 2850 2832 2802 2765 2754 2761 2771 2784 2802 2823 2839 2855 2878 2904
3008 3020 3032 3044 3060 3077 3095 3109 3122 3137 3148 3156 3163 3165 3167 3165 3162 3155 3145 3130 3120 3109 3097 3082 3060 3044 3027 3016 3007 2998 2986 2967 2957 2947 2937 2925 2915 2892 2878 2883 2885 2876 2870 2879 2879 2874 2871 2866 2863 2864 2876 2873 2857 2846 2832 2804 2777 2773 2797 2834 2869 2898 2917 2927 2927 2914 2904 2902 2893 2882 2863 2846 2822 2799 2765 2761 2778 2788 2805 2824 2845 2865 2888 2910
2996 3005 3018 3032 3044 3057 3068 3079 3094 3105 3116 3129 3146 3163 3180 3181 3174 3171 3162 3151 3133 3121 3107 3091 3077 3065 3051 3037 3027 3016 3003 2988 2976 2967 2953 2934 2917 2900 2899 2903 2900 2896 2897 2895 2885 2876 2874 2872 2868 2873 2884 2890 2882 2868 2853 2822 2781 2780 2796 2827 2861 2893 2921 2936 2940 2931 2923 2913 2895 2880 2865 2846 2825 2801 2777 2767 2784 2798 2812 2832 2852 2874 2898 2922
2989 2998 3007 3016 3027 3036 3046 3057 3067 3077 3093 3110 3134 3159 3183 3192 3186 3181 3178 3168 3155 3137 3128 3119 3102 3085 3065 3050 3041 3034 3022 3009 2995 2981 2966 2945 2927 2922 2917 2909 2903 2908 2914 2919 2915 2898 2886 2878 2874 2879 2895 2905 2906 2895 2868 2836 2801 2789 2795 2818 2848 2881 2910 2937 2955 2954 2937 2921 2911 2898 2884 2865 2840 2813 2786 2775 2795 2817 2836 2851 2869 2887 2910 2936
2980 2986 2992 2997 3009 3020 3030 3042 3052 3065 3078 3100 3128 3158 3187 3200 3202 3199 3192 3180 3169 3153 3142 3132 3117 3101 3083 3068 3058 3044 3030 3017 3001 2986 2970 2957 2948 2938 2924 2906 2905 2914 2926 2936 2934 2917 2897 2883 2878 2881 2891 2906 2911 2896 2870 2847 2815 2801 2798 2807 2837 2868 2897 2933 2956 2958 2947 2937 2937 2927 2912 2884 2859 2829 2796 2784 2809 2829 2849 2866 2884 2898 2919 2943
2968 2974 2983 2993 3003 3014 3022 3033 3046 3060 3072 3093 3121 3153 3180 3205 3216 3210 3198 3189 3181 3169 3157 3144 3132 3118 3102 3085 3069 3052 3038 3025 3011 3001 2989 2979 2969 2954 2936 2924 2919 2916 2922 2933 2940 2929 2915 2899 2892 2885 2883 2887 2888 2873 2853 2833 2819 2814 2808 2805 2822 2854 2889 2923 2951 2961 2957 2950 2942 2928 2907 2889 2869 2833 2800 2795 2818 2844 2863 2883 2897 2909 2929 2951
2977 2978 2984 2994 3005 3014 3024 3035 3049 3059 3072 3092 3118 3148 3176 3204 3224 3222 3208 3201 3192 3179 3168 3157 3147 3132 3113 3096 3081 3066 3051 3039 3032 3023 3014 3002 2989 2973 2949 2942 2933 2929 2927 2932 2944 2939 2927 2913 2900 2891 2882 2873 2865 2852 2833 2831 2835 2837 2833 2824 2819 2843 2877 2910 2947 2967 2967 2957 2933 2909 2883 2863 2848 2826 2804 2806 2828 2855 2879 2895 2910 2925 2940 2961
2993 2992 2995 2997 3002 3008 3015 3032 3049 3058 3073 3092 3114 3141 3166 3195 3224 3229 3221 3209 3196 3183 3175 3166 3155 3139 3123 3108 3090 3079 3066 3058 3050 3043 3036 3023 3006 2988 2967 2953 2946 2943 2939 2938 2945 2944 2934 2926 2916 2904 2893 2880 2868 2856 2842 2859 2874 2871 2858 2843 2829 2832 2860 2891 2925 2955 2970 2957 2922 2895 2867 2840 2819 2807 2803 2810 2830 2854 2880 2900 2913 2928 2947 2971
3011 3014 3016 3011 3010 3017 3019 3027 3042 3055 3069 3084 3103 3124 3148 3180 3209 3227 3224 3213 3202 3194 3184 3174 3163 3150 3138 3123 3106 3097 3084 3073 3061 3056 3051 3038 3022 3001 2979 2969 2964 2964 2959 2953 2951 2952 2943 2936 2933 2921 2908 2892 2879 2863 2854 2880 2905 2901 2881 2858 2839 2833 2841 2861 2894 2920 2936 2928 2908 2878 2849 2821 2804 2809 2817 2827 2842 2858 2884 2908 2922 2936 2953 2978
3027 3034 3035 3030 3026 3034 3031 3031 3034 3045 3058 3074 3093 3111 3132 3158 3182 3207 3225 3221 3212 3205 3196 3188 3173 3157 3147 3135 3125 3115 3102 3088 3075 3071 3067 3054 3036 3019 2999 2987 2982 2983 2984 2977 2975 2971 2965 2959 2956 2946 2927 2907 2893 2878 2865 2882 2901 2902 2883 2864 2847 2845 2842 2851 2873 2892 2904 2897 2883 2859 2839 2817 2817 2827 2842 2850 2861 2875 2889 2912 2930 2946 2962 2988
3044 3049 3052 3049 3044 3047 3047 3043 3043 3047 3057 3070 3090 3103 3120 3139 3162 3191 3220 3233 3225 3216 3205 3199 3185 3174 3162 3150 3141 3129 3117 3103 3095 3091 3079 3064 3050 3034 3017 3002 3001 3007 3009 3003 2999 2994 2987 2986 2979 2965 2947 2922 2905 2886 2883 2900 2903 2891 2878 2872 2868 2860 2851 2863 2885 2887 2879 2874 2860 2844 2830 2823 2825 2843 2860 2866 2874 2883 2896 2915 2935 2954 2970 2993
3051 3056 3062 3061 3058 3060 3061 3060 3057 3061 3068 3073 3083 3098 3113 3133 3155 3182 3208 3227 3233 3234 3225 3212 3203 3194 3180 3164 3153 3142 3128 3121 3115 3106 3095 3077 3064 3050 3037 3026 3022 3025 3025 3025 3026 3017 3011 3005 2999 2985 2965 2938 2917 2898 2910 2925 2919 2903 2888 2886 2885 2876 2863 2873 2887 2884 2872 2864 2854 2843 2836 2830 2829 2849 2868 2875 2882 2892 2903 2919 2937 2955 2976 2996
3041 3044 3049 3051 3057 3062 3066 3069 3071 3077 3084 3090 3097 3107 3119 3134 3150 3173 3193 3213 3230 3242 3243 3233 3220 3209 3198 3183 3168 3155 3147 3142 3132 3122 3107 3094 3080 3069 3058 3048 3043 3041 3040 3044 3043 3035 3023 3015 3005 2991 2976 2947 2924 2917 2932 2938 2932 2921 2912 2905 2897 2894 2886 2887 2892 2887 2877 2870 2864 2852 2844 2835 2837 2856 2877 2885 2894 2904 2914 2926 2940 2957 2974 2993
3046 3046 3047 3046 3047 3055 3057 3062 3067 3077 3087 3096 3103 3112 3123 3134 3148 3165 3178 3195 3214 3230 3244 3245 3235 3225 3215 3199 3187 3176 3169 3159 3150 3138 3121 3109 3097 3086 3076 3065 3060 3060 3059 3060 3057 3045 3032 3017 2998 2984 2974 2956 2943 2941 2948 2950 2944 2935 2928 2921 2913 2906 2901 2906 2913 2913 2898 2888 2880 2871 2853 2840 2839 2860 2878 2890 2899 2911 2922 2930 2941 2954 2967 2991
3059 3060 3057 3052 3055 3058 3060 3060 3061 3066 3076 3086 3096 3106 3115 3126 3140 3154 3168 3183 3198 3214 3232 3244 3249 3244 3234 3224 3212 3198 3191 3181 3166 3158 3144 3129 3114 3105 3094 3085 3079 3077 3078 3072 3061 3050 3036 3020 3006 2992 2978 2970 2969 2969 2969 2963 2959 2952 2944 2938 2930 2920 2908 2921 2941 2936 2921 2910 2901 2889 2873 2854 2842 2850 2868 2887 2900 2912 2923 2932 2945 2955 2971 2992
3073 3075 3072 3065 3062 3065 3070 3073 3075 3071 3069 3075 3086 3094 3105 3117 3131 3145 3161 3175 3186 3204 3223 3238 3256 3260 3251 3240 3228 3221 3213 3203 3189 3178 3165 3152 3138 3126 3115 3105 3098 3097 3094 3082 3067 3057 3046 3037 3022 3005 2992 2986 2984 2987 2989 2987 2984 2976 2965 2952 2945 2931 2922 2938 2960 2953 2940 2932 2926 2911 2889 2869 2850 2846 2861 2880 2897 2911 2921 2933 2944 2961 2978 2999
3087 3089 3089 3082 3072 3076 3083 3087 3089 3086 3082 3074 3078 3092 3100 3108 3121 3135 3149 3163 3177 3197 3215 3229 3251 3267 3267 3253 3244 3236 3228 3218 3208 3196 3183 3169 3160 3149 3137 3127 3115 3114 3108 3094 3081 3071 3061 3047 3034 3022 3008 3003 3000 3006 3014 3017 3016 3006 2991 2973 2952 2941 2947 2966 2975 2964 2958 2954 2948 2926 2899 2876 2856 2851 2862 2880 2898 2912 2926 2937 2948 2963 2985 3004
3105 3108 3103 3097 3085 3084 3091 3100 3103 3103 3098 3086 3082 3087 3095 3104 3114 3125 3137 3157 3176 3195 3206 3222 3244 3261 3268 3264 3256 3251 3242 3234 3224 3216 3207 3195 3181 3167 3158 3142 3134 3127 3118 3104 3089 3077 3065 3057 3050 3038 3025 3020 3017 3026 3039 3043 3048 3039 3019 3000 2976 2968 2979 2999 2997 2977 2966 2965 2955 2930 2904 2887 2870 2861 2864 2878 2897 2917 2931 2944 2955 2965 2981 2995
3102 3110 3109 3100 3087 3087 3097 3109 3115 3117 3115 3107 3098 3094 3098 3111 3121 3128 3139 3155 3176 3192 3201 3213 3229 3243 3248 3250 3252 3253 3250 3245 3237 3229 3218 3211 3201 3190 3178 3164 3147 3140 3128 3116 3100 3085 3077 3068 3068 3053 3042 3038 3038 3043 3054 3062 3065 3057 3044 3024 3005 2997 3007 3018 3017 3008 2989 2976 2957 2932 2909 2898 2890 2876 2865 2876 2892 2917 2934 2949 2960 2968 2979 2991
3081 3087 3089 3086 3080 3081 3093 3108 3123 3130 3130 3124 3112 3105 3102 3112 3125 3133 3141 3153 3167 3186 3198 3209 3218 3223 3227 3230 3233 3237 3246 3251 3250 3240 3232 3225 3218 3211 3199 3187 3170 3162 3148 3131 3113 3097 3086 3079 3079 3071 3063 3058 3059 3068 3072 3074 3070 3062 3050 3034 3022 3018 3019 3023 3023 3017 3006 2983 2960 2944 2928 2915 2906 2894 2883 2885 2890 2902 2922 2942 2957 2964 2977 2992
3062 3067 3068 3068 3068 3075 3090 3104 3123 3138 3143 3138 3127 3116 3111 3115 3125 3135 3146 3153 3166 3185 3196 3204 3207 3207 3210 3212 3217 3223 3235 3243 3248 3251 3245 3236 3234 3229 3221 3210 3196 3182 3168 3151 3133 3113 3100 3090 3087 3083 3081 3074 3081 3086 3089 3086 3078 3066 3051 3039 3034 3037 3040 3041 3039 3032 3021 3003 2978 2961 2946 2936 2924 2914 2914 2911 2912 2917 2927 2939 2953 2960 2976 2990
3047 3053 3052 3054 3060 3074 3091 3106 3121 3139 3151 3152 3143 3128 3124 3126 3135 3143 3154 3163 3179 3193 3198 3197 3194 3192 3197 3200 3204 3209 3219 3229 3236 3243 3245 3247 3247 3245 3240 3229 3219 3205 3187 3167 3152 3137 3124 3110 3101 3097 3096 3098 3109 3111 3107 3097 3088 3078 3064 3055 3049 3052 3052 3053 3053 3052 3044 3034 3012 2983 2963 2949 2944 2946 2947 2940 2937 2938 2938 2940 2949 2959 2974 2985
3035 3040 3049 3057 3067 3083 3097 3105 3121 3142 3159 3167 3158 3144 3136 3139 3147 3154 3161 3169 3179 3189 3189 3189 3192 3187 3186 3189 3194 3199 3206 3213 3225 3236 3240 3250 3262 3266 3258 3247 3234 3220 3203 3187 3175 3163 3153 3139 3129 3118 3112 3110 3118 3123 3118 3109 3099 3086 3080 3072 3070 3071 3068 3068 3070 3072 3066 3058 3038 3015 2992 2976 2972 2970 2971 2965 2959 2957 2952 2950 2952 2959 2969 2980
3038 3045 3054 3066 3077 3088 3098 3109 3128 3150 3161 3172 3171 3158 3149 3154 3160 3167 3172 3178 3181 3181 3177 3177 3183 3181 3177 3176 3177 3182 3191 3201 3214 3225 3237 3248 3262 3272 3269 3260 3248 3236 3223 3210 3195 3180 3170 3164 3148 3134 3131 3126 3127 3133 3130 3119 3110 3099 3097 3096 3093 3094 3088 3088 3089 3091 3085 3075 3063 3050 3034 3016 3007 3000 2999 2992 2986 2980 2972 2963 2961 2961 2967 2976
3051 3053 3067 3078 3088 3099 3111 3124 3144 3157 3167 3178 3183 3171 3163 3168 3176 3182 3182 3184 3183 3178 3170 3165 3166 3164 3162 3160 3165 3177 3191 3198 3208 3217 3228 3241 3254 3267 3273 3271 3263 3252 3236 3223 3214 3200 3184 3174 3167 3156 3153 3146 3144 3146 3142 3135 3125 3119 3115 3117 3118 3119 3113 3111 3110 3114 3111 3099 3082 3074 3066 3057 3046 3034 3023 3005 2986 2973 2969 2970 2970 2967 2969 2974
3065 3062 3078 3101 3117 3129 3138 3146 3155 3165 3180 3189 3186 3174 3167 3174 3181 3187 3188 3189 3183 3176 3168 3160 3157 3152 3148 3151 3165 3175 3185 3192 3202 3214 3222 3230 3243 3255 3260 3266 3261 3255 3249 3242 3232 3220 3208 3201 3190 3179 3176 3166 3162 3158 3152 3149 3143 3142 3140 3139 3137 3143 3143 3139 3136 3137 3134 3125 3104 3086 3081 3080 3078 3067 3043 3014 2986 2966 2955 2956 2967 2971 2971 2969
3075 3073 3082 3102 3120 3135 3150 3163 3173 3182 3188 3188 3175 3164 3159 3165 3178 3188 3189 3190 3185 3177 3171 3166 3160 3148 3141 3144 3158 3172 3183 3193 3201 3210 3216 3223 3229 3235 3237 3235 3233 3233 3236 3240 3243 3238 3230 3217 3209 3204 3194 3189 3179 3173 3169 3163 3161 3161 3160 3156 3157 3158 3159 3159 3154 3150 3152 3136 3107 3079 3064 3066 3075 3076 3054 3018 2985 2960 2945 2941 2952 2965 2970 2967
3084 3081 3086 3099 3115 3131 3147 3160 3173 3181 3184 3176 3159 3152 3152 3154 3166 3182 3192 3190 3180 3171 3168 3164 3158 3143 3132 3137 3153 3170 3184 3193 3198 3202 3207 3212 3215 3216 3210 3205 3201 3205 3209 3216 3225 3232 3231 3227 3222 3213 3199 3185 3169 3167 3171 3174 3175 3175 3175 3175 3171 3159 3148 3141 3136 3134 3132 3116 3090 3060 3040 3036 3043 3055 3053 3022 2990 2958 2933 2924 2933 2951 2962 2964
3090 3090 3091 3100 3112 3125 3138 3152 3164 3174 3173 3162 3146 3137 3138 3144 3155 3172 3183 3176 3156 3150 3146 3143 3138 3126 3120 3132 3154 3173 3188 3197 3197 3199 3202 3203 3199 3197 3182 3178 3179 3185 3190 3196 3204 3210 3209 3206 3194 3182 3165 3144 3127 3126 3137 3149 3160 3169 3177 3178 3159 3133 3116 3104 3097 3096 3091 3087 3068 3043 3016 3004 3012 3023 3024 3001 2974 2944 2919 2906 2914 2939 2953 2961
3098 3097 3095 3101 3111 3122 3134 3145 3156 3161 3162 3148 3130 3122 3123 3131 3139 3151 3155 3145 3132 3127 3125 3119 3112 3103 3108 3128 3152 3174 3191 3201 3202 3197 3195 3191 3185 3178 3163 3156 3157 3162 3171 3182 3191 3193 3188 3179 3165 3146 3129 3112 3096 3092 3103 3113 3127 3137 3143 3144 3126 3106 3089 3072 3064 3064 3064 3058 3043 3022 2999 2978 2977 2981 2974 2960 2938 2916 2898 2888 2902 2933 2957 2964
3105 3103 3100 3105 3111 3119 3128 3136 3143 3147 3146 3129 3114 3109 3105 3109 3117 3128 3129 3124 3118 3114 3107 3100 3095 3089 3098 3120 3144 3167 3185 3197 3203 3201 3191 3181 3167 3153 3141 3132 3132 3145 3160 3171 3176 3176 3167 3154 3139 3122 3102 3082 3064 3059 3077 3089 3100 3107 3111 3109 3101 3082 3064 3043 3034 3035 3036 3036 3032 3016 3001 2984 2959 2943 2936 2923 2906 2892 2877 2876 2899 2929 2955 2957
3116 3110 3109 3107 3106 3108 3114 3123 3131 3136 3133 3114 3103 3097 3090 3093 3098 3104 3107 3107 3103 3100 3093 3086 3079 3077 3087 3107 3125 3141 3157 3170 3182 3187 3182 3166 3142 3119 3109 3111 3123 3144 3157 3167 3165 3161 3147 3132 3123 3115 3094 3074 3048 3034 3045 3063 3075 3080 3079 3080 3082 3071 3052 3028 3005 3000 3004 3006 3017 3021 3013 2999 2970 2941 2914 2889 2873 2870 2861 2864 2886 2915 2928 2917
3121 3116 3111 3103 3090 3090 3102 3115 3122 3125 3115 3097 3089 3086 3077 3081 3084 3084 3088 3087 3084 3081 3079 3074 3067 3069 3077 3091 3105 3115 3126 3136 3149 3154 3149 3130 3110 3092 3091 3108 3129 3147 3160 3170 3166 3150 3137 3116 3105 3092 3077 3058 3040 3018 3008 3025 3043 3045 3046 3059 3070 3066 3044 3024 2998 2973 2962 2968 2982 2998 3007 3003 2965 2940 2908 2876 2852 2849 2841 2850 2873 2899 2908 2872
3128 3121 3112 3097 3079 3074 3084 3101 3108 3111 3102 3084 3076 3072 3065 3062 3068 3069 3065 3065 3063 3060 3065 3062 3060 3063 3068 3078 3087 3095 3102 3108 3115 3115 3106 3092 3075 3068 3075 3095 3116 3126 3135 3137 3130 3117 3098 3078 3065 3046 3031 3019 3010 2991 2978 2986 2995 2999 3014 3036 3050 3045 3021 2999 2989 2959 2935 2933 2948 2960 2966 2958 2929 2905 2882 2861 2839 2831 2832 2842 2866 2885 2878 2842
3129 3119 3108 3090 3069 3059 3066 3079 3090 3094 3090 3074 3066 3065 3058 3052 3051 3049 3046 3046 3047 3050 3054 3054 3051 3054 3061 3066 3071 3077 3084 3084 3086 3080 3073 3065 3055 3052 3058 3066 3074 3081 3085 3082 3078 3065 3050 3033 3021 3007 2991 2978 2971 2960 2949 2951 2959 2965 2980 2991 2997 2992 2975 2959 2951 2935 2913 2906 2915 2923 2922 2909 2888 2863 2847 2836 2817 2816 2819 2830 2847 2843 2826 2804
3121 3112 3095 3072 3051 3043 3048 3061 3073 3081 3076 3068 3059 3055 3056 3055 3054 3053 3051 3043 3038 3035 3040 3044 3046 3052 3054 3058 3061 3067 3070 3068 3066 3059 3053 3046 3036 3032 3035 3041 3042 3044 3042 3036 3030 3021 3010 2999 2987 2979 2964 2948 2941 2938 2925 2926 2926 2933 2942 2950 2950 2943 2935 2924 2917 2911 2894 2887 2888 2891 2886 2877 2852 2831 2815 2808 2800 2801 2805 2803 2799 2788 2782 2777
3113 3102 3078 3056 3036 3027 3035 3046 3060 3067 3068 3060 3049 3047 3054 3065 3072 3074 3068 3060 3050 3048 3037 3032 3032 3042 3049 3051 3052 3054 3057 3053 3046 3040 3034 3026 3019 3014 3015 3018 3018 3018 3014 3007 3003 2993 2983 2974 2963 2954 2941 2926 2918 2914 2904 2901 2900 2904 2908 2909 2909 2907 2905 2894 2889 2883 2871 2866 2870 2866 2864 2854 2838 2814 2804 2802 2801 2798 2797 2788 2784 2778 2771 2769
3097 3082 3061 3040 3023 3014 3020 3031 3040 3047 3050 3046 3036 3037 3050 3069 3079 3081 3075 3068 3056 3048 3042 3032 3028 3027 3031 3038 3045 3045 3046 3045 3039 3028 3019 3013 3010 3004 3001 2997 2991 2991 2986 2978 2972 2969 2961 2953 2940 2936 2927 2914 2910 2905 2900 2892 2886 2879 2881 2881 2877 2875 2873 2869 2866 2856 2849 2847 2850 2850 2851 2840 2826 2812 2813 2811 2814 2818 2819 2812 2806 2801 2789 2785
