tutorials/large_scale_LEM/DEMData/SRTMGL3_39.9_-105.37_40.02_-105.25.asc
ncols        144
nrows        144
xllcorner    -105.370416666684
yllcorner    39.900416666671
cellsize     0.000833333333
NODATA_value 0
[rows 76 to 113 of 144, columns 0 to 83 of 144]
2306 2312 2311 2302 2303 2305 2304 2307 2301 2300 2305 2306 2303 2298 2290 2284 2281 2274 2270 2267 2260 2255 2252 2248 2239 2232 2219 2213 2202 2191 2182 2190 2207 2214 2215 2218 2231 2230 2228 2227 2221 2209 2197 2186 2176 2163 2146 2142 2134 2129 2136 2145 2138 2128 2114 2106 2117 2127 2130 2132 2134 2125 2114 2102 2097 2113 2142 2157 2168 2174 2189 2218 2246 2273 2286 2292 2299 2304 2329 2359 2394 2432 2458 2476
2266 2274 2277 2266 2261 2263 2276 2281 2269 2276 2286 2295 2297 2288 2288 2285 2282 2277 2277 2276 2270 2269 2264 2257 2245 2235 2223 2212 2199 2186 2176 2187 2198 2200 2199 2206 2215 2216 2220 2225 2217 2212 2203 2199 2192 2175 2158 2149 2137 2123 2119 2125 2123 2119 2114 2103 2109 2118 2115 2115 2123 2119 2104 2090 2095 2113 2128 2144 2167 2190 2212 2233 2250 2277 2297 2304 2317 2330 2342 2370 2411 2453 2488 2514
2224 2230 2236 2230 2228 2230 2239 2249 2241 2240 2257 2266 2270 2273 2271 2269 2268 2273 2292 2298 2289 2276 2267 2258 2248 2236 2226 2211 2201 2191 2176 2172 2181 2183 2185 2191 2193 2200 2209 2211 2205 2196 2190 2184 2183 2177 2164 2150 2137 2123 2116 2111 2109 2109 2107 2104 2115 2118 2105 2096 2100 2102 2089 2084 2096 2116 2129 2141 2163 2191 2221 2252 2274 2285 2287 2278 2276 2293 2315 2349 2388 2431 2479 2529
2222 2222 2222 2222 2222 2222 2222 2225 2225 2223 2230 2237 2236 2243 2244 2248 2251 2273 2293 2302 2302 2287 2267 2251 2243 2236 2229 2219 2210 2201 2186 2175 2167 2168 2177 2179 2182 2192 2197 2202 2195 2182 2174 2168 2168 2163 2152 2138 2130 2128 2132 2128 2120 2108 2097 2103 2114 2110 2096 2083 2084 2080 2080 2093 2109 2122 2133 2146 2159 2185 2214 2245 2264 2262 2251 2241 2244 2263 2295 2335 2378 2417 2462 2514
2222 2222 2222 2222 2222 2222 2222 2222 2222 2222 2222 2223 2224 2227 2227 2229 2244 2266 2281 2300 2312 2306 2283 2259 2238 2225 2220 2213 2210 2207 2198 2179 2162 2158 2170 2178 2189 2197 2204 2199 2189 2183 2174 2169 2164 2157 2149 2140 2138 2144 2146 2139 2129 2119 2107 2093 2097 2092 2082 2070 2068 2071 2081 2095 2106 2114 2123 2138 2150 2170 2204 2236 2239 2231 2216 2209 2221 2241 2276 2322 2367 2407 2453 2497
2231 2223 2222 2222 2222 2222 2222 2222 2222 2222 2222 2222 2222 2227 2221 2220 2234 2254 2277 2305 2326 2326 2305 2279 2247 2223 2209 2198 2196 2192 2185 2166 2156 2169 2191 2208 2219 2221 2218 2205 2195 2182 2178 2176 2170 2173 2166 2158 2149 2150 2149 2143 2134 2119 2109 2097 2088 2082 2077 2073 2061 2067 2082 2095 2100 2102 2113 2121 2130 2150 2181 2202 2202 2192 2185 2192 2207 2235 2269 2307 2350 2392 2432 2486
2262 2253 2234 2228 2227 2225 2222 2222 2222 2222 2222 2222 2222 2222 2222 2221 2233 2255 2280 2302 2321 2330 2316 2287 2260 2233 2217 2202 2186 2172 2164 2156 2168 2194 2225 2242 2244 2236 2224 2205 2199 2195 2193 2187 2188 2190 2182 2173 2167 2167 2158 2150 2137 2127 2127 2123 2115 2108 2102 2083 2061 2062 2069 2082 2087 2096 2103 2105 2119 2133 2145 2155 2155 2163 2182 2198 2224 2244 2265 2303 2342 2391 2432 2468
2274 2268 2265 2258 2255 2250 2235 2225 2222 2222 2222 2222 2222 2222 2222 2222 2229 2251 2267 2289 2300 2312 2316 2306 2288 2267 2247 2225 2197 2176 2160 2158 2177 2201 2219 2236 2238 2228 2215 2202 2207 2214 2214 2218 2218 2206 2196 2188 2185 2188 2176 2163 2153 2154 2155 2151 2139 2121 2104 2088 2077 2064 2056 2061 2079 2085 2086 2100 2109 2111 2113 2125 2141 2172 2209 2236 2266 2289 2294 2307 2341 2380 2409 2430
2275 2272 2263 2254 2250 2248 2241 2231 2222 2222 2222 2222 2222 2222 2222 2222 2220 2237 2265 2284 2287 2290 2301 2311 2308 2287 2260 2232 2204 2184 2164 2155 2171 2187 2197 2203 2202 2200 2192 2194 2212 2228 2235 2240 2237 2235 2232 2216 2212 2207 2193 2185 2182 2187 2182 2170 2145 2121 2096 2080 2073 2062 2051 2057 2066 2079 2092 2096 2093 2103 2123 2143 2179 2217 2244 2267 2293 2326 2330 2318 2324 2337 2352 2377
2271 2266 2259 2244 2235 2231 2227 2224 2222 2222 2222 2222 2222 2222 2222 2222 2219 2232 2257 2274 2281 2289 2295 2295 2289 2268 2247 2217 2189 2166 2151 2149 2162 2175 2179 2178 2173 2168 2168 2176 2196 2217 2244 2259 2257 2259 2258 2238 2227 2226 2215 2211 2210 2201 2178 2154 2133 2114 2096 2088 2077 2065 2050 2049 2061 2076 2075 2075 2091 2107 2128 2151 2183 2203 2222 2250 2290 2329 2340 2310 2289 2285 2303 2339
2256 2251 2250 2238 2225 2222 2222 2222 2222 2222 2222 2222 2222 2218 2219 2218 2221 2244 2269 2281 2280 2283 2284 2284 2282 2267 2246 2217 2186 2159 2145 2141 2150 2167 2184 2176 2156 2151 2152 2164 2188 2215 2242 2259 2253 2244 2237 2223 2218 2217 2196 2191 2194 2189 2169 2150 2141 2129 2122 2117 2100 2078 2059 2046 2053 2058 2063 2082 2093 2095 2106 2125 2148 2172 2197 2234 2274 2316 2327 2294 2260 2249 2262 2291
2244 2233 2231 2226 2223 2222 2222 2222 2222 2222 2223 2230 2225 2203 2188 2164 2174 2219 2262 2287 2277 2270 2275 2282 2296 2306 2273 2225 2190 2168 2156 2141 2135 2159 2180 2163 2146 2137 2134 2151 2178 2203 2224 2233 2231 2222 2212 2202 2204 2197 2172 2160 2168 2169 2161 2155 2153 2152 2150 2132 2104 2077 2056 2043 2048 2046 2061 2072 2074 2082 2101 2122 2151 2180 2199 2234 2272 2309 2304 2270 2231 2212 2220 2244
2233 2226 2223 2222 2222 2222 2222 2222 2222 2225 2233 2243 2237 2219 2187 2151 2148 2197 2246 2282 2279 2261 2262 2274 2282 2291 2265 2216 2190 2170 2159 2141 2124 2138 2150 2143 2130 2115 2114 2136 2157 2174 2192 2203 2205 2202 2195 2192 2183 2166 2148 2138 2144 2144 2145 2145 2140 2147 2151 2130 2106 2085 2065 2050 2040 2034 2045 2053 2065 2086 2106 2126 2149 2171 2192 2226 2262 2295 2284 2248 2212 2188 2182 2198
2224 2223 2222 2222 2222 2222 2222 2229 2231 2247 2271 2265 2247 2227 2202 2165 2142 2174 2222 2261 2275 2259 2250 2251 2259 2269 2239 2211 2190 2173 2162 2145 2128 2119 2111 2104 2095 2090 2100 2114 2128 2143 2160 2170 2175 2180 2177 2178 2170 2155 2129 2115 2115 2118 2129 2132 2126 2138 2146 2133 2105 2086 2072 2056 2041 2024 2032 2054 2078 2094 2105 2118 2131 2149 2177 2207 2239 2263 2273 2254 2215 2180 2154 2159
2222 2222 2222 2222 2222 2222 2225 2248 2270 2283 2289 2272 2253 2236 2214 2182 2142 2134 2174 2219 2254 2259 2243 2241 2247 2246 2228 2217 2208 2195 2182 2170 2163 2148 2125 2103 2089 2079 2081 2093 2102 2118 2127 2136 2144 2151 2156 2170 2179 2166 2137 2110 2094 2098 2112 2116 2112 2114 2124 2126 2117 2098 2073 2051 2029 2014 2022 2048 2078 2096 2107 2109 2108 2121 2148 2182 2204 2219 2230 2233 2214 2173 2138 2129
2230 2230 2227 2227 2224 2233 2261 2283 2306 2316 2320 2301 2275 2258 2239 2210 2167 2129 2143 2180 2217 2228 2222 2228 2241 2242 2226 2216 2209 2204 2198 2185 2179 2173 2157 2128 2102 2080 2065 2069 2079 2091 2098 2113 2123 2130 2140 2159 2170 2172 2156 2117 2086 2078 2089 2101 2102 2096 2095 2102 2113 2098 2070 2039 2021 2010 2004 2030 2055 2065 2071 2078 2092 2129 2156 2159 2157 2162 2175 2188 2191 2159 2124 2110
2250 2261 2246 2233 2232 2249 2278 2309 2326 2350 2356 2336 2313 2283 2250 2212 2173 2136 2126 2145 2166 2180 2195 2222 2234 2234 2220 2204 2190 2189 2192 2193 2184 2177 2161 2131 2097 2078 2066 2059 2055 2059 2070 2090 2104 2109 2124 2145 2153 2155 2143 2120 2090 2066 2066 2081 2086 2077 2071 2078 2089 2097 2078 2044 2019 1998 1995 2012 2025 2037 2051 2074 2109 2137 2147 2129 2115 2114 2125 2147 2168 2146 2110 2091
2257 2274 2267 2258 2253 2259 2277 2300 2332 2360 2373 2368 2350 2312 2270 2233 2197 2160 2126 2115 2114 2130 2174 2203 2223 2226 2213 2210 2199 2178 2167 2168 2165 2157 2142 2112 2086 2065 2056 2065 2066 2063 2055 2073 2088 2096 2113 2128 2129 2119 2116 2109 2090 2066 2049 2058 2070 2070 2056 2053 2062 2077 2077 2057 2028 1992 1988 1997 2010 2036 2057 2073 2104 2125 2123 2102 2082 2081 2097 2127 2142 2128 2097 2076
2288 2309 2302 2296 2289 2288 2287 2301 2321 2345 2362 2365 2351 2322 2283 2247 2213 2183 2167 2148 2123 2108 2140 2172 2192 2191 2190 2193 2187 2171 2155 2142 2130 2119 2102 2083 2068 2063 2083 2092 2086 2072 2052 2060 2078 2095 2103 2098 2089 2077 2073 2081 2086 2077 2053 2039 2046 2047 2041 2026 2021 2036 2054 2048 2018 1987 1975 1987 2010 2033 2039 2051 2075 2089 2083 2064 2050 2065 2099 2119 2128 2123 2090 2061
2327 2331 2329 2329 2318 2311 2309 2307 2316 2326 2337 2339 2319 2294 2270 2239 2212 2187 2171 2158 2136 2110 2104 2127 2148 2158 2174 2184 2173 2151 2133 2115 2109 2098 2073 2060 2068 2084 2103 2099 2079 2056 2044 2053 2075 2096 2096 2077 2055 2036 2029 2036 2057 2075 2069 2041 2024 2029 2029 2007 1998 1996 2006 2010 1992 1997 1987 1975 2003 2033 2027 2026 2042 2047 2039 2021 2021 2053 2082 2104 2117 2106 2080 2053
2321 2320 2331 2335 2334 2322 2308 2298 2299 2301 2307 2305 2291 2271 2249 2226 2206 2190 2181 2166 2150 2131 2108 2099 2109 2127 2147 2158 2143 2117 2095 2091 2109 2105 2073 2069 2087 2099 2109 2102 2085 2053 2042 2062 2082 2094 2081 2057 2033 2041 2044 2028 2028 2058 2072 2044 2016 2005 2001 1994 1999 1999 2008 2009 2011 2017 1996 1974 1998 2032 2018 2001 2006 2007 2005 1993 1986 2023 2063 2094 2108 2096 2068 2038
2292 2296 2311 2326 2334 2322 2304 2284 2277 2279 2280 2279 2268 2251 2241 2225 2212 2197 2181 2164 2151 2139 2124 2112 2099 2099 2110 2121 2114 2094 2079 2082 2089 2097 2079 2073 2088 2104 2115 2110 2093 2071 2048 2049 2066 2081 2073 2044 2040 2068 2066 2036 2021 2047 2063 2035 2004 1996 2012 2037 2042 2045 2051 2037 2024 2017 1994 1971 1980 2010 2009 1988 1981 1965 1958 1958 1967 1998 2035 2076 2093 2100 2083 2042
2264 2280 2297 2317 2331 2322 2300 2274 2261 2259 2259 2252 2241 2228 2218 2211 2196 2183 2174 2164 2161 2155 2148 2138 2124 2103 2091 2089 2092 2084 2092 2098 2086 2077 2074 2082 2099 2118 2131 2123 2098 2079 2059 2046 2048 2058 2052 2041 2066 2091 2069 2027 2022 2045 2042 2017 2001 2011 2041 2067 2064 2044 2041 2027 2005 1998 1997 1981 1973 2004 2014 1987 1963 1949 1932 1927 1937 1959 1993 2035 2058 2075 2072 2040
2244 2257 2275 2291 2305 2306 2290 2263 2243 2241 2236 2228 2219 2205 2195 2189 2176 2161 2160 2156 2159 2156 2149 2132 2112 2099 2096 2097 2091 2097 2110 2117 2099 2086 2097 2115 2132 2142 2148 2139 2126 2111 2085 2061 2047 2045 2053 2070 2097 2115 2093 2047 2018 2017 2011 2006 2019 2039 2058 2073 2058 2027 2010 2000 1984 1975 1977 1970 1968 2003 2020 2001 1968 1942 1920 1908 1908 1921 1950 1987 2016 2028 2044 2033
2236 2240 2253 2264 2277 2284 2274 2251 2230 2221 2210 2200 2198 2194 2183 2165 2153 2147 2139 2136 2135 2137 2134 2119 2106 2118 2127 2130 2128 2137 2140 2124 2102 2109 2128 2146 2159 2168 2171 2168 2158 2137 2122 2109 2091 2082 2092 2116 2143 2146 2119 2084 2056 2046 2042 2052 2069 2072 2059 2052 2041 2021 1997 1991 1994 1971 1961 1973 1987 2002 2003 1995 1981 1955 1924 1905 1899 1891 1913 1945 1970 1985 2014 2022
2257 2255 2257 2254 2261 2269 2270 2252 2238 2224 2211 2190 2180 2178 2168 2154 2162 2164 2157 2146 2133 2124 2120 2117 2112 2125 2147 2156 2156 2156 2145 2123 2115 2122 2149 2174 2187 2193 2199 2196 2188 2183 2176 2167 2151 2132 2134 2148 2169 2170 2149 2129 2116 2105 2102 2100 2097 2079 2058 2036 2019 2007 2000 2015 2011 1977 1959 1964 1965 1964 1966 1973 1993 1987 1948 1914 1908 1896 1895 1913 1932 1959 1983 1987
2270 2273 2278 2275 2272 2268 2266 2254 2238 2222 2212 2195 2188 2176 2162 2171 2185 2184 2163 2153 2153 2148 2148 2150 2136 2135 2160 2182 2178 2157 2137 2143 2146 2140 2156 2177 2189 2199 2209 2221 2225 2226 2224 2219 2204 2185 2183 2185 2186 2187 2178 2161 2152 2141 2131 2117 2096 2072 2052 2029 2012 2012 2032 2047 2036 2007 1978 1961 1956 1956 1946 1946 1973 1996 1979 1933 1912 1909 1891 1893 1901 1931 1961 1955
2288 2295 2300 2299 2291 2276 2267 2257 2241 2224 2217 2210 2196 2175 2173 2194 2208 2190 2175 2172 2177 2182 2185 2172 2146 2146 2178 2199 2188 2165 2154 2164 2175 2167 2163 2174 2182 2191 2204 2221 2233 2251 2259 2250 2235 2220 2217 2213 2202 2191 2181 2168 2154 2142 2126 2111 2092 2075 2049 2024 2025 2042 2053 2052 2039 2009 1984 1985 1999 1994 1977 1957 1944 1967 1967 1941 1909 1914 1911 1896 1886 1903 1926 1932
2308 2320 2325 2321 2304 2286 2266 2259 2256 2245 2234 2215 2195 2177 2191 2214 2221 2212 2205 2209 2213 2215 2200 2167 2153 2173 2200 2214 2205 2184 2175 2181 2193 2189 2179 2189 2208 2210 2216 2237 2258 2273 2278 2268 2258 2247 2234 2218 2198 2182 2172 2163 2149 2133 2112 2091 2076 2064 2044 2041 2035 2044 2043 2029 2017 1999 1995 2026 2037 2025 2011 1983 1946 1943 1935 1927 1925 1912 1911 1911 1889 1885 1899 1910
2327 2350 2356 2340 2321 2300 2284 2278 2278 2262 2236 2210 2191 2187 2207 2234 2247 2243 2239 2245 2248 2236 2207 2172 2174 2201 2227 2237 2222 2206 2198 2208 2217 2209 2194 2201 2221 2224 2234 2257 2270 2271 2266 2258 2253 2243 2225 2204 2188 2170 2156 2142 2130 2120 2106 2091 2081 2075 2068 2063 2051 2044 2031 2016 2002 1997 2018 2049 2052 2033 2008 1980 1951 1935 1935 1928 1929 1933 1913 1923 1911 1888 1882 1888
2345 2368 2375 2357 2330 2304 2286 2275 2264 2257 2246 2215 2191 2202 2224 2251 2263 2266 2272 2275 2267 2247 2218 2190 2199 2228 2249 2255 2251 2240 2231 2237 2242 2234 2223 2214 2221 2232 2244 2255 2257 2256 2255 2249 2241 2227 2208 2194 2181 2170 2169 2161 2143 2126 2109 2108 2108 2101 2086 2066 2059 2052 2030 2020 2025 2013 2022 2053 2052 2030 2010 1988 1963 1974 1980 1947 1921 1926 1917 1936 1954 1928 1890 1879
2355 2368 2366 2344 2318 2290 2269 2259 2245 2237 2227 2213 2197 2214 2240 2252 2260 2270 2281 2286 2276 2255 2225 2203 2222 2243 2265 2274 2276 2271 2263 2266 2265 2254 2242 2235 2237 2235 2240 2245 2246 2246 2252 2261 2246 2228 2212 2198 2184 2179 2175 2167 2155 2133 2108 2098 2103 2094 2079 2069 2062 2048 2034 2038 2042 2029 2048 2070 2068 2058 2034 2004 1985 2006 2008 1972 1937 1929 1939 1959 1964 1943 1900 1876
2375 2373 2361 2347 2326 2302 2288 2272 2259 2247 2229 2209 2205 2229 2256 2275 2274 2279 2288 2294 2289 2273 2241 2222 2245 2264 2283 2292 2293 2292 2286 2281 2270 2262 2252 2246 2237 2233 2229 2228 2228 2240 2248 2251 2238 2223 2211 2200 2190 2186 2171 2150 2136 2120 2104 2098 2098 2095 2093 2083 2064 2048 2059 2063 2051 2049 2070 2094 2096 2075 2046 2020 2003 2018 2044 2034 2012 1994 1982 1955 1923 1908 1892 1890
2393 2367 2358 2355 2343 2330 2307 2282 2264 2247 2223 2207 2223 2252 2281 2302 2302 2296 2296 2293 2285 2267 2241 2241 2266 2280 2294 2305 2311 2309 2299 2287 2273 2264 2250 2240 2231 2224 2217 2213 2214 2217 2221 2226 2223 2217 2201 2194 2184 2180 2163 2136 2119 2115 2121 2128 2122 2118 2117 2105 2078 2060 2081 2080 2063 2079 2088 2097 2110 2094 2066 2057 2049 2038 2056 2077 2058 2025 1984 1935 1911 1930 1941 1945
2395 2365 2332 2321 2317 2309 2294 2270 2246 2232 2219 2220 2232 2261 2290 2314 2323 2312 2303 2293 2285 2271 2256 2249 2270 2285 2298 2309 2316 2315 2309 2299 2281 2270 2255 2244 2233 2226 2220 2215 2211 2204 2199 2196 2197 2201 2195 2181 2164 2153 2143 2127 2129 2142 2149 2151 2143 2143 2126 2099 2078 2070 2093 2095 2081 2100 2117 2112 2124 2122 2105 2094 2080 2071 2086 2093 2060 2013 1973 1942 1929 1933 1955 1976
2374 2354 2320 2292 2284 2274 2263 2247 2242 2245 2253 2244 2233 2248 2282 2310 2324 2322 2318 2310 2301 2287 2270 2256 2271 2287 2302 2311 2320 2323 2316 2306 2299 2288 2270 2255 2246 2243 2245 2240 2225 2208 2196 2191 2183 2181 2178 2173 2158 2144 2138 2140 2147 2155 2160 2162 2159 2150 2122 2100 2106 2113 2122 2113 2099 2119 2134 2136 2154 2153 2131 2113 2119 2137 2131 2107 2065 2029 2005 1993 1970 1944 1940 1962
2341 2321 2297 2282 2272 2264 2258 2266 2275 2283 2286 2271 2249 2251 2281 2307 2327 2337 2336 2326 2310 2292 2276 2262 2277 2302 2318 2323 2328 2327 2322 2314 2304 2296 2282 2269 2267 2275 2266 2250 2230 2214 2202 2194 2185 2176 2169 2163 2156 2151 2154 2166 2167 2171 2174 2174 2163 2141 2120 2114 2135 2154 2146 2120 2111 2130 2150 2159 2173 2171 2143 2137 2151 2173 2175 2127 2096 2077 2053 2012 1972 1964 1974 1989
2331 2314 2304 2302 2299 2285 2277 2295 2310 2309 2301 2287 2278 2268 2272 2287 2313 2336 2347 2339 2325 2313 2292 2276 2293 2322 2339 2341 2335 2322 2318 2311 2304 2294 2286 2280 2277 2280 2265 2248 2229 2216 2204 2198 2196 2189 2184 2181 2173 2163 2167 2178 2186 2190 2192 2183 2155 2132 2144 2159 2174 2181 2155 2128 2126 2150 2174 2190 2194 2187 2173 2176 2185 2202 2200 2170 2137 2096 2055 2018 1988 1985 1984 2006
