tutorials/large_scale_LEM/DEMData/SRTMGL3_39.93_-105.35_40.0_-105.26.asc
ncols        108
nrows        84
xllcorner    -105.350416666684
yllcorner    39.930416666671
cellsize     0.000833333333
NODATA_value 0
[rows 38 to 75 of 84, columns 0 to 83 of 108]
2309 2297 2278 2270 2269 2271 2276 2271 2270 2278 2290 2303 2316 2323 2326 2326 2321 2314 2304 2291 2272 2263 2250 2225 2206 2214 2232 2238 2232 2244 2262 2273 2267 2264 2273 2267 2245 2225 2205 2210 2228 2241 2236 2225 2229 2221 2213 2225 2248 2261 2265 2277 2295 2299 2282 2244 2207 2172 2171 2168 2139 2124 2125 2129 2136 2144 2147 2123 2120 2149 2179 2212 2225 2198 2179 2154 2103 2061 2026 1996 1989 1982 1977 1982
2296 2293 2284 2273 2261 2260 2261 2256 2256 2269 2280 2291 2300 2305 2315 2317 2312 2303 2290 2281 2270 2255 2235 2220 2201 2199 2217 2224 2224 2244 2263 2262 2244 2247 2260 2263 2252 2233 2206 2194 2205 2214 2214 2204 2205 2204 2211 2231 2244 2249 2261 2283 2304 2303 2271 2231 2194 2185 2196 2177 2146 2158 2162 2159 2176 2197 2192 2159 2155 2185 2224 2261 2274 2241 2201 2160 2108 2062 2034 2014 1996 1984 1976 1979
2283 2276 2283 2279 2265 2251 2246 2243 2246 2260 2270 2276 2279 2288 2302 2310 2306 2295 2279 2267 2263 2264 2251 2231 2208 2193 2197 2206 2212 2234 2246 2242 2230 2237 2251 2258 2255 2241 2216 2192 2186 2189 2196 2189 2182 2197 2219 2228 2232 2245 2270 2297 2322 2315 2277 2245 2225 2215 2223 2201 2168 2174 2186 2192 2205 2237 2232 2200 2197 2217 2258 2278 2272 2233 2205 2146 2098 2066 2046 2023 2004 1988 1976 1970
2277 2268 2270 2275 2272 2264 2248 2237 2235 2246 2254 2262 2271 2280 2289 2292 2288 2283 2268 2258 2254 2258 2255 2244 2226 2206 2187 2186 2197 2214 2214 2217 2215 2226 2244 2249 2248 2246 2235 2213 2193 2176 2173 2176 2178 2198 2213 2212 2223 2250 2272 2299 2316 2320 2304 2283 2262 2247 2252 2221 2199 2198 2210 2226 2238 2265 2272 2252 2249 2260 2265 2251 2222 2196 2163 2121 2090 2057 2041 2021 2005 1992 1977 1961
2268 2259 2254 2258 2261 2257 2249 2236 2229 2236 2244 2258 2270 2279 2280 2280 2280 2274 2261 2250 2241 2245 2250 2245 2229 2209 2190 2174 2186 2197 2187 2192 2199 2217 2231 2234 2233 2232 2237 2229 2208 2188 2167 2163 2179 2196 2198 2199 2226 2244 2257 2278 2299 2320 2333 2325 2299 2284 2281 2261 2246 2230 2232 2255 2278 2301 2315 2309 2303 2290 2259 2224 2194 2170 2128 2108 2082 2048 2024 2011 1995 1980 1970 1956
2261 2252 2243 2238 2241 2241 2237 2232 2223 2236 2249 2256 2266 2272 2275 2275 2274 2267 2257 2244 2234 2236 2242 2233 2215 2199 2183 2168 2173 2186 2177 2176 2196 2216 2215 2214 2214 2215 2221 2217 2199 2182 2164 2153 2165 2177 2182 2196 2216 2235 2258 2280 2298 2308 2325 2334 2329 2324 2323 2308 2288 2270 2264 2283 2317 2346 2361 2369 2351 2321 2294 2262 2237 2198 2150 2130 2110 2041 2017 2001 1991 1982 1970 1956
2265 2255 2246 2236 2223 2225 2223 2223 2225 2241 2257 2263 2266 2270 2273 2273 2266 2261 2251 2241 2231 2228 2230 2222 2208 2191 2173 2160 2170 2176 2165 2171 2193 2206 2205 2195 2196 2204 2200 2199 2193 2168 2153 2149 2155 2162 2178 2203 2231 2243 2253 2268 2272 2277 2288 2302 2319 2339 2355 2357 2334 2315 2316 2324 2346 2378 2414 2409 2385 2363 2340 2307 2270 2232 2193 2164 2133 2054 2025 2001 1984 1971 1960 1947
2261 2248 2240 2229 2220 2215 2213 2213 2229 2244 2254 2261 2265 2270 2273 2274 2266 2257 2247 2230 2222 2217 2222 2216 2206 2192 2172 2156 2160 2166 2158 2160 2178 2189 2187 2182 2189 2194 2182 2176 2180 2157 2144 2150 2157 2161 2168 2191 2211 2218 2230 2235 2240 2243 2254 2268 2289 2319 2351 2367 2369 2370 2376 2381 2388 2418 2453 2448 2427 2405 2380 2337 2297 2264 2227 2185 2111 2073 2048 2018 2005 1990 1981 1973
2252 2243 2231 2219 2212 2212 2218 2228 2238 2245 2251 2259 2265 2269 2270 2265 2258 2253 2242 2224 2208 2201 2209 2213 2199 2188 2173 2159 2151 2150 2147 2149 2166 2168 2169 2179 2189 2186 2170 2158 2155 2144 2135 2151 2169 2181 2186 2186 2194 2200 2208 2215 2227 2239 2249 2255 2268 2296 2325 2342 2355 2376 2412 2437 2448 2470 2495 2483 2455 2419 2384 2345 2308 2271 2238 2187 2116 2089 2056 2038 2025 2009 1998 1988
2242 2240 2231 2215 2210 2220 2232 2240 2239 2244 2251 2257 2259 2261 2262 2256 2252 2242 2228 2216 2198 2190 2203 2208 2198 2184 2172 2159 2150 2140 2130 2137 2150 2157 2168 2185 2192 2180 2166 2151 2140 2130 2128 2149 2173 2196 2201 2204 2210 2219 2232 2245 2257 2275 2283 2288 2284 2288 2301 2317 2339 2371 2407 2446 2485 2520 2540 2513 2465 2415 2373 2325 2281 2239 2211 2159 2121 2097 2065 2046 2026 2011 1996 1979
2235 2241 2233 2213 2205 2218 2232 2236 2234 2236 2241 2249 2253 2255 2254 2253 2248 2243 2233 2214 2192 2184 2192 2197 2198 2188 2172 2157 2146 2138 2128 2134 2155 2171 2181 2183 2185 2181 2168 2152 2132 2122 2133 2154 2166 2176 2183 2188 2198 2210 2231 2253 2273 2288 2308 2319 2320 2317 2327 2335 2346 2373 2409 2450 2494 2530 2544 2506 2455 2406 2358 2319 2269 2225 2168 2126 2103 2080 2057 2034 2017 1997 1982 1968
2225 2224 2221 2214 2204 2209 2220 2223 2228 2231 2236 2241 2249 2252 2250 2250 2246 2239 2226 2209 2193 2171 2170 2182 2194 2184 2168 2153 2137 2127 2124 2142 2160 2169 2181 2180 2166 2164 2163 2147 2125 2116 2132 2152 2155 2157 2170 2181 2193 2202 2215 2238 2268 2293 2320 2341 2346 2353 2358 2369 2370 2382 2414 2450 2488 2525 2541 2490 2439 2383 2341 2305 2262 2213 2161 2127 2096 2074 2046 2030 2012 1996 1986 1974
2210 2204 2204 2205 2196 2199 2205 2213 2222 2231 2233 2239 2242 2244 2245 2240 2235 2225 2211 2196 2184 2167 2162 2177 2181 2175 2165 2155 2134 2119 2120 2135 2144 2151 2164 2163 2151 2145 2141 2127 2112 2115 2127 2137 2151 2169 2193 2213 2220 2216 2226 2232 2250 2283 2317 2348 2367 2386 2394 2402 2413 2415 2429 2456 2488 2518 2537 2492 2431 2388 2355 2314 2267 2224 2187 2153 2114 2081 2059 2035 2015 1998 1985 1972
2225 2221 2208 2201 2191 2186 2188 2200 2212 2218 2220 2226 2233 2238 2238 2235 2227 2213 2199 2186 2172 2155 2151 2162 2157 2154 2153 2151 2139 2127 2116 2119 2125 2138 2150 2151 2143 2129 2121 2112 2103 2112 2135 2144 2157 2176 2203 2225 2242 2251 2258 2263 2263 2276 2307 2341 2379 2410 2425 2435 2453 2459 2464 2477 2500 2524 2541 2508 2462 2432 2400 2337 2284 2254 2223 2191 2136 2107 2081 2049 2022 2001 1985 1969
2239 2232 2219 2213 2202 2191 2182 2190 2207 2214 2215 2218 2231 2230 2228 2227 2221 2209 2197 2186 2176 2163 2146 2142 2134 2129 2136 2145 2138 2128 2114 2106 2117 2127 2130 2132 2134 2125 2114 2102 2097 2113 2142 2157 2168 2174 2189 2218 2246 2273 2286 2292 2299 2304 2329 2359 2394 2432 2458 2476 2489 2495 2497 2494 2498 2510 2525 2531 2509 2476 2434 2352 2319 2287 2240 2180 2136 2094 2063 2040 2019 2004 1990 1977
2245 2235 2223 2212 2199 2186 2176 2187 2198 2200 2199 2206 2215 2216 2220 2225 2217 2212 2203 2199 2192 2175 2158 2149 2137 2123 2119 2125 2123 2119 2114 2103 2109 2118 2115 2115 2123 2119 2104 2090 2095 2113 2128 2144 2167 2190 2212 2233 2250 2277 2297 2304 2317 2330 2342 2370 2411 2453 2488 2514 2522 2518 2514 2498 2478 2475 2482 2503 2529 2504 2441 2374 2317 2266 2215 2168 2130 2084 2055 2031 2008 1993 1986 1976
2248 2236 2226 2211 2201 2191 2176 2172 2181 2183 2185 2191 2193 2200 2209 2211 2205 2196 2190 2184 2183 2177 2164 2150 2137 2123 2116 2111 2109 2109 2107 2104 2115 2118 2105 2096 2100 2102 2089 2084 2096 2116 2129 2141 2163 2191 2221 2252 2274 2285 2287 2278 2276 2293 2315 2349 2388 2431 2479 2529 2558 2554 2535 2504 2460 2435 2429 2441 2478 2481 2433 2394 2312 2259 2214 2177 2147 2095 2062 2034 2003 1984 1970 1962
2243 2236 2229 2219 2210 2201 2186 2175 2167 2168 2177 2179 2182 2192 2197 2202 2195 2182 2174 2168 2168 2163 2152 2138 2130 2128 2132 2128 2120 2108 2097 2103 2114 2110 2096 2083 2084 2080 2080 2093 2109 2122 2133 2146 2159 2185 2214 2245 2264 2262 2251 2241 2244 2263 2295 2335 2378 2417 2462 2514 2562 2581 2563 2516 2453 2404 2386 2387 2394 2426 2418 2368 2319 2282 2242 2190 2158 2096 2054 2025 1995 1979 1962 1948
2238 2225 2220 2213 2210 2207 2198 2179 2162 2158 2170 2178 2189 2197 2204 2199 2189 2183 2174 2169 2164 2157 2149 2140 2138 2144 2146 2139 2129 2119 2107 2093 2097 2092 2082 2070 2068 2071 2081 2095 2106 2114 2123 2138 2150 2170 2204 2236 2239 2231 2216 2209 2221 2241 2276 2322 2367 2407 2453 2497 2543 2576 2546 2497 2433 2380 2348 2339 2338 2343 2365 2374 2350 2316 2268 2196 2145 2095 2056 2021 1997 1979 1959 1942
2247 2223 2209 2198 2196 2192 2185 2166 2156 2169 2191 2208 2219 2221 2218 2205 2195 2182 2178 2176 2170 2173 2166 2158 2149 2150 2149 2143 2134 2119 2109 2097 2088 2082 2077 2073 2061 2067 2082 2095 2100 2102 2113 2121 2130 2150 2181 2202 2202 2192 2185 2192 2207 2235 2269 2307 2350 2392 2432 2486 2528 2545 2519 2465 2412 2362 2332 2304 2289 2289 2301 2333 2342 2306 2264 2204 2152 2104 2071 2036 2004 1981 1959 1942
2260 2233 2217 2202 2186 2172 2164 2156 2168 2194 2225 2242 2244 2236 2224 2205 2199 2195 2193 2187 2188 2190 2182 2173 2167 2167 2158 2150 2137 2127 2127 2123 2115 2108 2102 2083 2061 2062 2069 2082 2087 2096 2103 2105 2119 2133 2145 2155 2155 2163 2182 2198 2224 2244 2265 2303 2342 2391 2432 2468 2500 2523 2511 2460 2416 2373 2336 2297 2264 2244 2243 2263 2304 2309 2264 2214 2171 2114 2067 2028 1993 1965 1954 1947
2288 2267 2247 2225 2197 2176 2160 2158 2177 2201 2219 2236 2238 2228 2215 2202 2207 2214 2214 2218 2218 2206 2196 2188 2185 2188 2176 2163 2153 2154 2155 2151 2139 2121 2104 2088 2077 2064 2056 2061 2079 2085 2086 2100 2109 2111 2113 2125 2141 2172 2209 2236 2266 2289 2294 2307 2341 2380 2409 2430 2456 2500 2521 2488 2447 2404 2350 2303 2267 2229 2208 2209 2239 2276 2256 2209 2168 2107 2070 2030 1993 1975 1966 1955
2308 2287 2260 2232 2204 2184 2164 2155 2171 2187 2197 2203 2202 2200 2192 2194 2212 2228 2235 2240 2237 2235 2232 2216 2212 2207 2193 2185 2182 2187 2182 2170 2145 2121 2096 2080 2073 2062 2051 2057 2066 2079 2092 2096 2093 2103 2123 2143 2179 2217 2244 2267 2293 2326 2330 2318 2324 2337 2352 2377 2416 2450 2477 2486 2453 2418 2379 2326 2287 2226 2185 2168 2179 2216 2228 2211 2174 2110 2071 2035 2004 1986 1974 1962
2289 2268 2247 2217 2189 2166 2151 2149 2162 2175 2179 2178 2173 2168 2168 2176 2196 2217 2244 2259 2257 2259 2258 2238 2227 2226 2215 2211 2210 2201 2178 2154 2133 2114 2096 2088 2077 2065 2050 2049 2061 2076 2075 2075 2091 2107 2128 2151 2183 2203 2222 2250 2290 2329 2340 2310 2289 2285 2303 2339 2365 2395 2419 2439 2437 2398 2359 2318 2279 2230 2175 2140 2133 2158 2183 2201 2175 2116 2082 2053 2015 1994 1992 1985
2282 2267 2246 2217 2186 2159 2145 2141 2150 2167 2184 2176 2156 2151 2152 2164 2188 2215 2242 2259 2253 2244 2237 2223 2218 2217 2196 2191 2194 2189 2169 2150 2141 2129 2122 2117 2100 2078 2059 2046 2053 2058 2063 2082 2093 2095 2106 2125 2148 2172 2197 2234 2274 2316 2327 2294 2260 2249 2262 2291 2318 2337 2356 2384 2404 2381 2331 2285 2246 2213 2174 2132 2104 2101 2121 2151 2157 2121 2090 2055 2026 2005 1993 1986
2296 2306 2273 2225 2190 2168 2156 2141 2135 2159 2180 2163 2146 2137 2134 2151 2178 2203 2224 2233 2231 2222 2212 2202 2204 2197 2172 2160 2168 2169 2161 2155 2153 2152 2150 2132 2104 2077 2056 2043 2048 2046 2061 2072 2074 2082 2101 2122 2151 2180 2199 2234 2272 2309 2304 2270 2231 2212 2220 2244 2268 2281 2305 2344 2374 2376 2328 2272 2231 2201 2171 2138 2104 2081 2076 2096 2123 2120 2100 2062 2028 2007 1992 1982
2282 2291 2265 2216 2190 2170 2159 2141 2124 2138 2150 2143 2130 2115 2114 2136 2157 2174 2192 2203 2205 2202 2195 2192 2183 2166 2148 2138 2144 2144 2145 2145 2140 2147 2151 2130 2106 2085 2065 2050 2040 2034 2045 2053 2065 2086 2106 2126 2149 2171 2192 2226 2262 2295 2284 2248 2212 2188 2182 2198 2222 2239 2265 2298 2328 2352 2351 2303 2261 2226 2200 2170 2135 2094 2056 2046 2060 2075 2076 2053 2024 2006 1990 1976
2259 2269 2239 2211 2190 2173 2162 2145 2128 2119 2111 2104 2095 2090 2100 2114 2128 2143 2160 2170 2175 2180 2177 2178 2170 2155 2129 2115 2115 2118 2129 2132 2126 2138 2146 2133 2105 2086 2072 2056 2041 2024 2032 2054 2078 2094 2105 2118 2131 2149 2177 2207 2239 2263 2273 2254 2215 2180 2154 2159 2175 2197 2222 2252 2283 2314 2346 2332 2298 2271 2245 2206 2169 2122 2075 2038 2019 2015 2021 2022 2009 1997 1986 1975
2247 2246 2228 2217 2208 2195 2182 2170 2163 2148 2125 2103 2089 2079 2081 2093 2102 2118 2127 2136 2144 2151 2156 2170 2179 2166 2137 2110 2094 2098 2112 2116 2112 2114 2124 2126 2117 2098 2073 2051 2029 2014 2022 2048 2078 2096 2107 2109 2108 2121 2148 2182 2204 2219 2230 2233 2214 2173 2138 2129 2143 2158 2185 2210 2243 2282 2327 2351 2340 2322 2286 2233 2178 2137 2099 2058 2020 1999 1983 1979 1981 1972 1962 1953
2241 2242 2226 2216 2209 2204 2198 2185 2179 2173 2157 2128 2102 2080 2065 2069 2079 2091 2098 2113 2123 2130 2140 2159 2170 2172 2156 2117 2086 2078 2089 2101 2102 2096 2095 2102 2113 2098 2070 2039 2021 2010 2004 2030 2055 2065 2071 2078 2092 2129 2156 2159 2157 2162 2175 2188 2191 2159 2124 2110 2122 2136 2153 2177 2211 2251 2298 2343 2362 2354 2324 2270 2187 2147 2105 2069 2030 2003 1980 1960 1948 1944 1940 1935
2234 2234 2220 2204 2190 2189 2192 2193 2184 2177 2161 2131 2097 2078 2066 2059 2055 2059 2070 2090 2104 2109 2124 2145 2153 2155 2143 2120 2090 2066 2066 2081 2086 2077 2071 2078 2089 2097 2078 2044 2019 1998 1995 2012 2025 2037 2051 2074 2109 2137 2147 2129 2115 2114 2125 2147 2168 2146 2110 2091 2106 2110 2122 2150 2189 2223 2269 2317 2353 2340 2302 2246 2201 2149 2095 2052 2024 2006 1986 1968 1955 1945 1930 1920
2223 2226 2213 2210 2199 2178 2167 2168 2165 2157 2142 2112 2086 2065 2056 2065 2066 2063 2055 2073 2088 2096 2113 2128 2129 2119 2116 2109 2090 2066 2049 2058 2070 2070 2056 2053 2062 2077 2077 2057 2028 1992 1988 1997 2010 2036 2057 2073 2104 2125 2123 2102 2082 2081 2097 2127 2142 2128 2097 2076 2082 2090 2110 2135 2165 2200 2241 2275 2312 2301 2261 2220 2200 2151 2090 2066 2047 2022 2001 1982 1970 1967 1958 1952
2192 2191 2190 2193 2187 2171 2155 2142 2130 2119 2102 2083 2068 2063 2083 2092 2086 2072 2052 2060 2078 2095 2103 2098 2089 2077 2073 2081 2086 2077 2053 2039 2046 2047 2041 2026 2021 2036 2054 2048 2018 1987 1975 1987 2010 2033 2039 2051 2075 2089 2083 2064 2050 2065 2099 2119 2128 2123 2090 2061 2063 2083 2103 2124 2142 2170 2202 2231 2272 2285 2244 2208 2184 2153 2131 2105 2071 2033 1995 1975 1965 1953 1956 1978
2148 2158 2174 2184 2173 2151 2133 2115 2109 2098 2073 2060 2068 2084 2103 2099 2079 2056 2044 2053 2075 2096 2096 2077 2055 2036 2029 2036 2057 2075 2069 2041 2024 2029 2029 2007 1998 1996 2006 2010 1992 1997 1987 1975 2003 2033 2027 2026 2042 2047 2039 2021 2021 2053 2082 2104 2117 2106 2080 2053 2049 2066 2079 2096 2118 2137 2167 2190 2228 2271 2255 2221 2194 2174 2147 2101 2049 2011 1974 1954 1943 1937 1941 1967
2109 2127 2147 2158 2143 2117 2095 2091 2109 2105 2073 2069 2087 2099 2109 2102 2085 2053 2042 2062 2082 2094 2081 2057 2033 2041 2044 2028 2028 2058 2072 2044 2016 2005 2001 1994 1999 1999 2008 2009 2011 2017 1996 1974 1998 2032 2018 2001 2006 2007 2005 1993 1986 2023 2063 2094 2108 2096 2068 2038 2028 2037 2048 2069 2083 2102 2132 2171 2211 2267 2279 2247 2210 2176 2129 2079 2024 1992 1961 1939 1918 1914 1922 1944
2099 2099 2110 2121 2114 2094 2079 2082 2089 2097 2079 2073 2088 2104 2115 2110 2093 2071 2048 2049 2066 2081 2073 2044 2040 2068 2066 2036 2021 2047 2063 2035 2004 1996 2012 2037 2042 2045 2051 2037 2024 2017 1994 1971 1980 2010 2009 1988 1981 1965 1958 1958 1967 1998 2035 2076 2093 2100 2083 2042 2012 2013 2027 2039 2054 2080 2110 2153 2199 2259 2291 2268 2225 2186 2139 2101 2058 2024 1990 1952 1921 1894 1896 1916
2124 2103 2091 2089 2092 2084 2092 2098 2086 2077 2074 2082 2099 2118 2131 2123 2098 2079 2059 2046 2048 2058 2052 2041 2066 2091 2069 2027 2022 2045 2042 2017 2001 2011 2041 2067 2064 2044 2041 2027 2005 1998 1997 1981 1973 2004 2014 1987 1963 1949 1932 1927 1937 1959 1993 2035 2058 2075 2072 2040 2008 1995 2010 2024 2047 2070 2095 2131 2178 2222 2265 2276 2246 2206 2159 2115 2063 2017 1976 1943 1919 1894 1875 1890
2112 2099 2096 2097 2091 2097 2110 2117 2099 2086 2097 2115 2132 2142 2148 2139 2126 2111 2085 2061 2047 2045 2053 2070 2097 2115 2093 2047 2018 2017 2011 2006 2019 2039 2058 2073 2058 2027 2010 2000 1984 1975 1977 1970 1968 2003 2020 2001 1968 1942 1920 1908 1908 1921 1950 1987 2016 2028 2044 2033 1997 1982 2000 2029 2043 2045 2062 2102 2143 2176 2221 2259 2242 2196 2152 2100 2038 1998 1963 1930 1895 1874 1859 1867
