tutorials/large_scale_LEM/DEMData/SRTMGL3_39.9_-106_40_-105.9.asc
ncols        120
nrows        120
xllcorner    -106.000416666683
yllcorner    39.900416666671
cellsize     0.000833333333
NODATA_value 0
[rows 76 to 113 of 120, columns 0 to 83 of 120]
3068 3060 3044 3025 3013 3003 3005 3014 3021 3027 3029 3028 3022 3026 3039 3052 3064 3073 3075 3071 3060 3050 3045 3039 3034 3025 3022 3025 3029 3035 3038 3040 3038 3028 3014 3014 3012 3002 2993 2991 2985 2979 2974 2968 2961 2957 2950 2941 2938 2935 2928 2922 2921 2914 2905 2897 2890 2881 2872 2868 2862 2858 2855 2851 2849 2839 2834 2831 2831 2829 2828 2824 2820 2820 2823 2823 2829 2834 2839 2830 2822 2820 2816 2819
3039 3037 3024 3008 2999 2989 2990 2997 3005 3009 3011 3008 3009 3016 3027 3038 3049 3059 3067 3070 3067 3057 3045 3036 3032 3024 3019 3021 3021 3023 3028 3029 3029 3025 3024 3023 3018 3010 3000 2995 2994 2992 2984 2979 2972 2966 2960 2950 2953 2945 2941 2937 2932 2923 2914 2905 2897 2891 2882 2875 2866 2861 2857 2849 2846 2840 2839 2838 2837 2839 2841 2843 2838 2838 2834 2834 2844 2855 2859 2849 2840 2844 2844 2843
3019 3016 3008 2996 2986 2979 2982 2988 2990 2992 2992 2991 2994 3006 3018 3027 3037 3048 3055 3059 3059 3048 3038 3035 3027 3018 3016 3019 3021 3028 3034 3039 3041 3038 3035 3031 3027 3020 3011 3007 3006 3003 2996 2992 2987 2982 2974 2968 2967 2960 2958 2949 2944 2932 2925 2915 2908 2904 2898 2890 2884 2883 2876 2865 2855 2853 2855 2852 2855 2858 2864 2871 2870 2864 2857 2856 2864 2878 2881 2866 2861 2863 2868 2866
3008 3001 2992 2984 2976 2973 2973 2976 2976 2978 2980 2982 2985 2997 3009 3017 3028 3037 3041 3045 3045 3038 3030 3023 3019 3014 3016 3019 3021 3024 3030 3034 3040 3043 3042 3041 3037 3032 3026 3019 3017 3015 3010 3006 3000 2995 2987 2981 2978 2973 2968 2960 2954 2945 2935 2927 2920 2916 2911 2904 2897 2895 2889 2875 2861 2868 2876 2875 2874 2873 2881 2888 2889 2883 2876 2879 2890 2899 2889 2880 2878 2878 2880 2882
3001 2994 2987 2984 2975 2968 2969 2975 2978 2982 2989 2993 2991 2993 2998 3006 3015 3023 3029 3033 3033 3031 3023 3014 3011 3012 3019 3024 3027 3030 3034 3036 3041 3043 3046 3046 3044 3041 3038 3029 3028 3027 3022 3020 3014 3006 2998 2995 2989 2983 2979 2972 2965 2955 2946 2936 2932 2929 2924 2916 2908 2902 2890 2879 2875 2892 2902 2899 2893 2892 2896 2902 2906 2894 2890 2889 2907 2916 2898 2894 2892 2896 2897 2898
2995 2989 2979 2976 2971 2968 2976 2985 2990 2997 3004 3006 3006 3002 2998 2999 3002 3015 3024 3025 3026 3025 3022 3013 3010 3014 3027 3031 3034 3038 3040 3041 3043 3047 3052 3053 3052 3050 3050 3045 3043 3039 3036 3030 3025 3020 3015 3010 3006 2997 2993 2985 2978 2969 2959 2952 2944 2939 2931 2926 2915 2906 2897 2890 2893 2914 2930 2929 2922 2920 2918 2918 2915 2905 2901 2903 2914 2918 2910 2908 2911 2911 2915 2916
2974 2970 2967 2969 2973 2981 2990 2999 3006 3008 3011 3019 3020 3015 3011 3012 3007 3010 3017 3020 3022 3022 3018 3010 3010 3019 3032 3039 3040 3044 3046 3049 3051 3054 3057 3060 3060 3059 3061 3060 3055 3053 3050 3044 3038 3032 3025 3021 3015 3009 3003 2998 2989 2983 2975 2966 2958 2950 2940 2934 2921 2910 2900 2905 2920 2940 2961 2964 2956 2950 2943 2934 2925 2914 2910 2914 2927 2929 2925 2926 2926 2928 2929 2931
2961 2967 2976 2985 2992 3002 3011 3018 3023 3025 3027 3027 3030 3024 3021 3023 3020 3014 3014 3017 3019 3018 3011 3007 3011 3021 3033 3041 3045 3047 3051 3055 3059 3062 3067 3068 3068 3069 3069 3069 3066 3064 3062 3055 3048 3039 3032 3028 3025 3019 3013 3006 3001 2991 2979 2971 2963 2957 2949 2940 2925 2911 2908 2927 2951 2974 2986 2985 2980 2973 2965 2953 2943 2934 2925 2928 2940 2945 2941 2937 2938 2941 2945 2949
2968 2978 2992 3005 3010 3021 3031 3038 3040 3042 3042 3038 3037 3033 3032 3033 3032 3024 3020 3021 3022 3015 3004 3003 3014 3021 3030 3038 3046 3052 3057 3062 3066 3070 3076 3078 3077 3079 3080 3080 3078 3077 3073 3068 3059 3049 3038 3032 3030 3026 3020 3015 3007 2996 2985 2979 2970 2959 2950 2940 2928 2925 2930 2938 2959 2989 3002 3002 2997 2984 2978 2965 2953 2947 2939 2944 2954 2960 2956 2954 2958 2959 2960 2966
2973 2985 3001 3017 3024 3033 3042 3049 3053 3056 3056 3053 3048 3046 3046 3044 3041 3032 3028 3026 3019 3006 3000 3003 3013 3019 3029 3040 3050 3058 3064 3071 3076 3076 3083 3085 3086 3090 3092 3095 3094 3094 3088 3086 3078 3067 3056 3046 3041 3034 3028 3022 3015 3005 2997 2988 2972 2957 2947 2943 2943 2949 2957 2958 2964 2981 3003 3010 3005 2990 2980 2976 2962 2954 2954 2960 2969 2976 2976 2973 2977 2981 2981 2984
2980 2995 3008 3022 3032 3042 3049 3059 3063 3067 3070 3069 3067 3062 3059 3056 3050 3041 3038 3033 3019 3010 3006 3003 3011 3021 3032 3042 3051 3060 3067 3075 3081 3085 3090 3093 3097 3102 3106 3107 3107 3109 3107 3106 3100 3092 3080 3070 3060 3051 3045 3037 3027 3018 3005 2992 2976 2970 2966 2959 2959 2972 2984 2989 2989 2989 2996 3004 3002 2993 2987 2983 2970 2958 2958 2969 2982 2989 2991 2992 2995 2998 3003 3007
2978 2991 3001 3011 3023 3035 3046 3060 3070 3076 3080 3080 3080 3078 3075 3069 3059 3052 3049 3039 3027 3017 3001 3003 3014 3023 3032 3042 3049 3058 3067 3075 3083 3090 3098 3104 3110 3110 3113 3117 3118 3117 3119 3121 3118 3117 3109 3097 3085 3074 3067 3061 3054 3044 3029 3005 2998 3000 2995 2983 2984 2994 3003 3017 3018 3013 3010 3007 3004 2998 2997 2988 2968 2958 2960 2973 2993 3005 3009 3010 3014 3018 3021 3025
2959 2976 2987 2995 3009 3025 3042 3058 3074 3081 3084 3085 3082 3082 3081 3072 3062 3059 3059 3046 3029 3010 2997 3005 3016 3022 3034 3042 3049 3057 3067 3075 3083 3090 3102 3113 3124 3129 3130 3129 3132 3131 3133 3140 3144 3141 3134 3124 3110 3097 3089 3080 3071 3060 3046 3021 3018 3023 3019 3007 3008 3014 3019 3027 3029 3027 3023 3019 3016 3008 3005 2992 2970 2963 2965 2978 2999 3014 3020 3026 3033 3040 3043 3051
2953 2960 2976 2993 3007 3026 3045 3062 3075 3078 3073 3070 3066 3070 3066 3057 3044 3045 3048 3037 3016 2999 2998 3006 3014 3023 3031 3039 3045 3054 3064 3075 3085 3096 3107 3122 3134 3143 3146 3150 3151 3153 3155 3160 3160 3159 3152 3140 3127 3115 3105 3094 3079 3061 3047 3036 3038 3042 3043 3038 3031 3036 3039 3044 3043 3039 3031 3027 3024 3016 3007 2990 2972 2967 2968 2978 3001 3020 3036 3048 3057 3069 3078 3084
2964 2963 2971 2992 3013 3032 3051 3065 3071 3067 3059 3055 3052 3052 3048 3037 3027 3024 3023 3015 2998 2989 2996 3005 3014 3022 3031 3037 3042 3052 3062 3076 3090 3104 3117 3128 3139 3151 3159 3165 3167 3169 3173 3172 3170 3167 3156 3144 3131 3118 3106 3093 3075 3058 3047 3049 3054 3056 3064 3063 3055 3055 3056 3058 3055 3051 3047 3044 3036 3024 3015 3000 2980 2975 2975 2980 3004 3029 3055 3076 3093 3110 3121 3127
2976 2975 2978 2990 3009 3028 3045 3057 3060 3054 3049 3043 3038 3035 3030 3017 3005 3001 2998 2991 2985 2983 2994 3002 3010 3019 3026 3033 3039 3049 3058 3074 3087 3105 3120 3133 3145 3156 3169 3182 3190 3191 3189 3186 3179 3172 3159 3142 3129 3119 3106 3093 3077 3062 3056 3058 3065 3069 3080 3084 3079 3077 3073 3073 3069 3066 3063 3058 3049 3039 3029 3018 2996 2983 2981 2989 3012 3050 3084 3112 3132 3149 3159 3164
2988 2987 2988 2992 3003 3019 3035 3047 3048 3042 3037 3034 3027 3021 3013 3006 3002 3000 2987 2981 2979 2981 2990 3000 3009 3015 3023 3029 3038 3049 3055 3069 3088 3106 3123 3139 3154 3165 3179 3188 3194 3201 3199 3194 3186 3174 3156 3145 3140 3129 3117 3110 3096 3078 3069 3073 3080 3089 3097 3107 3106 3100 3095 3092 3087 3085 3080 3079 3072 3069 3061 3040 3011 2992 2991 3001 3031 3073 3109 3132 3159 3178 3193 3199
3003 3003 3004 3002 3008 3018 3033 3043 3040 3033 3026 3026 3029 3028 3022 3017 3016 3008 2988 2979 2980 2987 2995 3002 3010 3018 3027 3033 3041 3050 3057 3069 3083 3101 3121 3140 3157 3172 3187 3199 3203 3206 3202 3195 3187 3177 3166 3155 3151 3143 3138 3128 3110 3088 3082 3087 3098 3107 3115 3126 3132 3131 3122 3120 3116 3113 3107 3107 3099 3095 3088 3068 3039 3018 3009 3020 3047 3092 3132 3167 3193 3213 3228 3235
3022 3019 3018 3015 3017 3026 3036 3039 3033 3028 3023 3023 3031 3037 3035 3028 3020 3011 2991 2976 2982 2989 2997 3006 3015 3026 3039 3046 3052 3060 3070 3078 3084 3095 3110 3131 3157 3176 3191 3209 3219 3221 3216 3207 3197 3190 3180 3171 3163 3155 3149 3130 3110 3093 3094 3102 3112 3120 3129 3140 3151 3156 3154 3149 3144 3138 3135 3131 3124 3123 3121 3093 3067 3038 3027 3046 3072 3106 3141 3176 3207 3232 3254 3266
3046 3032 3029 3027 3028 3032 3038 3039 3035 3030 3025 3023 3019 3023 3027 3026 3017 3000 2983 2984 2997 3009 3015 3020 3024 3037 3051 3058 3070 3079 3090 3101 3108 3113 3121 3128 3147 3171 3191 3214 3231 3239 3237 3228 3219 3209 3197 3190 3181 3170 3154 3130 3110 3099 3112 3125 3135 3144 3150 3165 3178 3184 3184 3181 3175 3172 3162 3155 3154 3150 3136 3105 3074 3045 3046 3070 3093 3117 3139 3175 3210 3245 3272 3292
3055 3040 3039 3040 3043 3045 3045 3043 3045 3042 3038 3031 3023 3008 3002 3002 2988 2982 2987 2999 3017 3031 3040 3047 3047 3043 3052 3071 3087 3100 3113 3125 3136 3143 3148 3149 3153 3170 3192 3212 3232 3247 3253 3249 3240 3231 3220 3213 3201 3187 3162 3134 3118 3114 3135 3149 3153 3162 3170 3181 3198 3210 3215 3214 3210 3202 3193 3185 3173 3150 3121 3090 3067 3054 3067 3086 3108 3131 3155 3186 3222 3259 3298 3325
3063 3052 3050 3053 3060 3063 3060 3058 3058 3053 3045 3039 3027 3007 2987 2975 2978 2991 3009 3019 3033 3050 3064 3073 3078 3073 3065 3073 3091 3114 3131 3144 3158 3169 3176 3181 3177 3180 3193 3210 3230 3249 3264 3268 3262 3255 3243 3230 3214 3192 3168 3143 3128 3134 3151 3164 3170 3178 3189 3200 3216 3232 3239 3236 3230 3222 3207 3184 3159 3134 3103 3078 3070 3073 3092 3111 3133 3153 3177 3199 3229 3270 3313 3346
3072 3063 3065 3068 3077 3081 3079 3077 3071 3069 3064 3047 3025 3001 2979 2977 2991 3011 3032 3045 3056 3071 3085 3095 3101 3100 3091 3091 3099 3119 3140 3163 3181 3197 3204 3207 3209 3209 3208 3213 3229 3252 3270 3284 3286 3279 3264 3248 3225 3198 3171 3151 3141 3146 3162 3177 3187 3195 3206 3216 3230 3244 3257 3257 3244 3221 3197 3167 3143 3126 3102 3088 3089 3100 3121 3140 3157 3170 3190 3217 3249 3289 3329 3353
3086 3082 3080 3084 3097 3105 3102 3095 3088 3079 3060 3038 3009 2984 2971 2985 3009 3031 3049 3068 3083 3095 3106 3119 3128 3128 3121 3115 3121 3130 3146 3170 3191 3210 3225 3238 3238 3243 3243 3240 3245 3260 3279 3296 3306 3301 3278 3254 3230 3204 3178 3164 3164 3166 3178 3192 3203 3212 3222 3232 3242 3252 3261 3262 3249 3222 3190 3166 3155 3134 3107 3100 3112 3131 3147 3163 3177 3195 3223 3252 3282 3317 3344 3349
3103 3109 3105 3105 3112 3120 3125 3115 3102 3086 3056 3023 2990 2967 2978 3002 3026 3049 3071 3090 3103 3121 3132 3141 3148 3151 3155 3151 3148 3151 3159 3176 3194 3215 3235 3253 3268 3277 3275 3265 3261 3275 3294 3309 3321 3316 3285 3257 3235 3217 3198 3194 3196 3191 3195 3205 3218 3230 3241 3252 3261 3263 3266 3265 3251 3214 3189 3180 3164 3141 3118 3117 3136 3159 3177 3190 3210 3240 3267 3295 3322 3344 3354 3339
3118 3123 3123 3122 3124 3130 3135 3127 3105 3083 3048 3009 2972 2965 2987 3015 3039 3066 3090 3110 3126 3138 3152 3158 3169 3173 3182 3182 3178 3175 3177 3189 3202 3221 3240 3261 3284 3299 3304 3295 3284 3292 3306 3322 3334 3327 3301 3274 3253 3239 3229 3224 3230 3227 3219 3224 3237 3250 3261 3273 3280 3287 3283 3266 3236 3207 3198 3189 3168 3147 3131 3140 3163 3186 3201 3225 3249 3281 3311 3336 3359 3366 3357 3330
3105 3104 3107 3110 3111 3113 3114 3103 3081 3052 3021 2986 2957 2963 2989 3021 3051 3073 3095 3117 3130 3140 3153 3163 3170 3174 3175 3179 3190 3195 3197 3205 3214 3229 3245 3265 3286 3306 3316 3319 3314 3309 3315 3325 3331 3329 3318 3300 3282 3269 3259 3252 3258 3257 3247 3248 3258 3275 3286 3293 3298 3295 3280 3256 3230 3217 3205 3192 3169 3151 3151 3161 3184 3205 3231 3259 3288 3319 3345 3370 3382 3373 3351 3319
3068 3065 3072 3076 3073 3073 3071 3058 3039 3013 2986 2953 2935 2956 2985 3018 3047 3067 3089 3096 3101 3106 3114 3125 3132 3138 3142 3145 3160 3182 3202 3211 3220 3234 3248 3263 3274 3285 3293 3299 3294 3293 3302 3307 3309 3316 3322 3318 3310 3304 3295 3286 3287 3288 3284 3280 3287 3299 3307 3315 3309 3297 3278 3248 3236 3229 3223 3211 3184 3176 3173 3182 3196 3222 3261 3296 3332 3359 3375 3387 3380 3358 3332 3311
3022 3022 3026 3026 3023 3025 3018 3001 2982 2963 2948 2927 2910 2925 2946 2976 3010 3036 3053 3053 3054 3054 3058 3066 3075 3087 3101 3107 3123 3146 3170 3190 3201 3212 3225 3239 3242 3241 3251 3260 3252 3261 3278 3279 3283 3293 3308 3316 3320 3325 3323 3319 3316 3319 3323 3323 3321 3323 3327 3332 3324 3313 3293 3270 3259 3252 3242 3228 3214 3205 3194 3196 3206 3235 3287 3330 3362 3391 3405 3398 3374 3349 3332 3308
2978 2980 2981 2974 2971 2970 2958 2944 2925 2917 2910 2900 2894 2897 2909 2932 2961 2987 3000 3007 3004 3003 3006 3010 3022 3038 3060 3069 3085 3112 3134 3152 3163 3174 3193 3206 3200 3199 3211 3212 3213 3231 3247 3249 3252 3265 3283 3297 3304 3312 3322 3329 3333 3342 3349 3349 3349 3353 3355 3358 3351 3338 3312 3288 3281 3274 3254 3242 3239 3224 3210 3207 3219 3249 3301 3343 3372 3396 3405 3395 3368 3346 3324 3299
2916 2922 2920 2915 2914 2912 2902 2890 2883 2882 2880 2881 2886 2891 2893 2901 2915 2930 2946 2950 2950 2955 2959 2963 2970 2989 3009 3025 3044 3072 3091 3104 3117 3138 3163 3175 3166 3159 3168 3167 3175 3193 3206 3212 3220 3235 3253 3267 3277 3288 3302 3318 3331 3345 3357 3368 3373 3379 3388 3397 3390 3359 3322 3304 3297 3287 3270 3259 3251 3243 3235 3235 3249 3277 3317 3355 3376 3392 3401 3390 3361 3342 3321 3298
2869 2869 2869 2868 2869 2867 2867 2866 2865 2870 2872 2876 2880 2879 2881 2887 2889 2894 2904 2907 2906 2908 2914 2919 2926 2936 2956 2970 2989 3011 3035 3049 3077 3112 3142 3141 3129 3124 3125 3129 3135 3151 3166 3176 3192 3209 3224 3239 3255 3270 3289 3307 3325 3343 3362 3381 3401 3415 3426 3438 3435 3401 3360 3330 3314 3300 3286 3278 3273 3270 3275 3272 3270 3293 3331 3362 3385 3403 3403 3388 3369 3347 3325 3302
2846 2846 2849 2849 2854 2860 2862 2864 2865 2869 2871 2872 2873 2872 2875 2882 2884 2887 2889 2890 2888 2885 2891 2895 2899 2908 2917 2926 2938 2956 2980 3002 3041 3085 3112 3111 3102 3102 3099 3111 3131 3152 3171 3185 3193 3206 3219 3237 3253 3268 3288 3308 3325 3345 3369 3397 3422 3438 3455 3471 3472 3446 3411 3375 3348 3332 3319 3315 3318 3323 3319 3304 3294 3299 3331 3361 3387 3405 3408 3388 3370 3348 3326 3303
2851 2852 2855 2859 2863 2865 2869 2871 2871 2877 2878 2880 2882 2887 2888 2893 2896 2898 2901 2898 2896 2894 2895 2894 2896 2896 2902 2906 2912 2924 2940 2967 3011 3054 3077 3074 3075 3079 3089 3121 3152 3179 3206 3227 3231 3237 3245 3261 3274 3293 3309 3321 3336 3355 3381 3406 3433 3456 3479 3502 3509 3487 3446 3404 3379 3369 3375 3374 3370 3371 3357 3335 3320 3313 3331 3363 3390 3410 3409 3398 3381 3359 3331 3303
2866 2867 2868 2871 2878 2878 2879 2884 2887 2894 2904 2912 2914 2918 2918 2920 2920 2919 2916 2918 2912 2909 2911 2907 2906 2904 2904 2903 2905 2911 2919 2939 2979 3026 3043 3039 3044 3066 3098 3140 3170 3197 3228 3257 3271 3277 3278 3289 3305 3323 3340 3348 3360 3376 3396 3415 3431 3451 3472 3500 3521 3501 3465 3434 3416 3414 3424 3422 3410 3391 3372 3361 3343 3330 3336 3366 3397 3421 3422 3409 3389 3360 3331 3309
2894 2901 2901 2907 2912 2914 2919 2922 2922 2927 2934 2950 2966 2973 2975 2970 2965 2958 2957 2955 2949 2940 2935 2931 2922 2921 2916 2912 2908 2909 2914 2925 2949 2978 2998 3008 3034 3067 3103 3145 3177 3206 3238 3270 3297 3305 3307 3315 3329 3340 3350 3359 3370 3385 3395 3401 3406 3424 3448 3474 3506 3522 3510 3484 3470 3464 3467 3456 3437 3407 3387 3380 3365 3344 3340 3372 3409 3434 3433 3413 3390 3364 3335 3315
2927 2937 2945 2948 2950 2950 2957 2963 2961 2957 2955 2972 2998 3019 3027 3023 3019 3014 3011 3009 2995 2981 2972 2964 2953 2945 2936 2929 2920 2915 2921 2923 2934 2950 2967 2996 3022 3051 3085 3127 3164 3201 3238 3270 3285 3284 3289 3301 3315 3320 3319 3331 3342 3359 3362 3361 3368 3390 3422 3452 3491 3531 3556 3560 3537 3523 3509 3486 3457 3422 3399 3387 3372 3355 3367 3400 3428 3444 3433 3416 3397 3367 3347 3338
2978 2985 2989 2990 2992 2989 2989 2990 2991 2985 2973 2989 3019 3046 3063 3070 3069 3063 3052 3046 3027 3015 3015 3015 3005 2985 2972 2956 2938 2924 2924 2921 2928 2937 2944 2965 2998 3030 3064 3101 3139 3182 3216 3244 3251 3243 3245 3257 3269 3272 3271 3280 3298 3315 3320 3322 3340 3374 3408 3443 3482 3524 3571 3575 3557 3543 3519 3493 3462 3432 3402 3383 3372 3376 3402 3431 3452 3460 3448 3429 3401 3373 3353 3339
