tutorials/large_scale_LEM/DEMData/SRTMGL3_39.5_-106_40_-105.5.asc
ncols        600
nrows        600
xllcorner    -106.000416666683
yllcorner    39.500416666671
cellsize     0.000833333333
NODATA_value 0
[rows 228 to 265 of 600, columns 336 to 419 of 600]
3566 3558 3547 3543 3544 3546 3545 3550 3561 3562 3577 3598 3611 3623 3642 3663 3678 3670 3657 3652 3647 3640 3634 3623 3611 3598 3584 3572 3563 3554 3539 3527 3519 3513 3511 3512 3520 3530 3538 3543 3531 3519 3508 3489 3472 3450 3431 3414 3395 3377 3358 3342 3327 3312 3295 3275 3259 3232 3203 3180 3162 3144 3119 3098 3087 3081 3076 3072 3076 3077 3080 3084 3081 3082 3086 3085 3089 3092 3095 3099 3098 3099 3099 3101
3539 3524 3522 3519 3511 3510 3509 3510 3515 3510 3516 3530 3544 3564 3584 3607 3633 3617 3623 3620 3615 3610 3605 3595 3586 3573 3559 3548 3537 3525 3514 3504 3493 3488 3488 3492 3500 3511 3521 3527 3520 3506 3493 3479 3460 3443 3429 3412 3390 3366 3347 3324 3311 3301 3295 3295 3302 3285 3239 3206 3185 3170 3154 3132 3107 3088 3078 3066 3057 3054 3053 3053 3047 3045 3045 3042 3041 3042 3046 3049 3053 3056 3057 3060
3547 3527 3517 3503 3496 3487 3484 3485 3491 3502 3504 3508 3511 3515 3521 3540 3549 3554 3562 3564 3558 3560 3559 3556 3550 3541 3527 3516 3508 3499 3488 3477 3464 3456 3461 3472 3481 3490 3500 3508 3508 3494 3479 3460 3442 3433 3424 3408 3385 3358 3334 3312 3300 3292 3286 3282 3294 3305 3280 3240 3210 3191 3176 3157 3138 3114 3094 3076 3065 3053 3043 3038 3032 3028 3022 3016 3015 3015 3011 3010 3011 3011 3009 3007
3568 3560 3553 3529 3505 3487 3476 3469 3472 3482 3492 3501 3499 3495 3489 3490 3491 3501 3504 3497 3493 3488 3493 3503 3505 3502 3495 3487 3474 3469 3461 3452 3439 3431 3440 3451 3462 3472 3483 3491 3495 3482 3465 3446 3432 3416 3407 3391 3373 3345 3321 3300 3290 3283 3277 3277 3280 3289 3287 3270 3256 3237 3205 3176 3156 3138 3124 3104 3082 3064 3053 3042 3035 3029 3019 3009 3005 3000 2994 2993 2991 2989 2986 2983
3611 3608 3590 3562 3528 3502 3482 3470 3466 3465 3471 3478 3484 3488 3485 3484 3476 3473 3454 3438 3433 3426 3434 3448 3455 3459 3460 3454 3452 3452 3442 3429 3417 3414 3420 3430 3443 3455 3465 3477 3482 3477 3462 3438 3421 3404 3388 3373 3355 3327 3299 3284 3279 3277 3271 3268 3267 3275 3280 3275 3266 3254 3241 3215 3178 3157 3142 3127 3116 3099 3084 3073 3061 3055 3045 3032 3023 3014 3005 2999 2993 2988 2978 2975
3659 3642 3611 3579 3548 3521 3494 3479 3469 3459 3461 3462 3464 3464 3464 3461 3456 3440 3417 3404 3397 3398 3402 3403 3409 3411 3416 3420 3427 3428 3425 3413 3401 3399 3402 3409 3420 3433 3445 3455 3465 3459 3439 3416 3404 3388 3371 3353 3332 3308 3287 3276 3276 3276 3274 3267 3265 3267 3263 3253 3246 3237 3233 3225 3213 3188 3171 3151 3139 3123 3114 3103 3096 3086 3079 3074 3065 3052 3045 3035 3032 3022 3009 3002
3680 3659 3618 3588 3567 3552 3521 3490 3465 3457 3457 3458 3458 3453 3447 3439 3433 3422 3409 3400 3390 3386 3378 3375 3375 3375 3380 3382 3385 3389 3389 3385 3381 3383 3388 3391 3395 3403 3410 3414 3413 3397 3382 3374 3358 3346 3333 3317 3300 3287 3277 3275 3274 3274 3273 3268 3260 3253 3242 3232 3224 3216 3211 3210 3212 3214 3208 3196 3178 3163 3148 3135 3125 3112 3108 3100 3094 3085 3077 3069 3062 3058 3055 3046
3672 3647 3617 3600 3587 3571 3541 3501 3468 3454 3457 3457 3457 3454 3449 3442 3432 3419 3404 3392 3378 3371 3364 3356 3352 3351 3353 3353 3356 3358 3360 3361 3361 3362 3364 3364 3367 3368 3363 3359 3347 3330 3322 3312 3299 3290 3287 3280 3273 3271 3271 3273 3274 3272 3268 3265 3255 3244 3232 3221 3208 3205 3203 3201 3202 3209 3219 3220 3215 3204 3188 3174 3159 3147 3139 3129 3121 3115 3107 3101 3099 3096 3094 3092
3712 3682 3648 3629 3606 3590 3563 3523 3492 3476 3471 3467 3464 3457 3450 3444 3436 3422 3410 3393 3380 3368 3357 3349 3343 3337 3332 3329 3331 3331 3333 3336 3336 3337 3335 3333 3331 3327 3322 3319 3312 3302 3295 3284 3275 3267 3261 3253 3249 3249 3253 3261 3267 3267 3262 3254 3246 3236 3226 3217 3208 3203 3198 3193 3190 3191 3196 3202 3203 3198 3188 3180 3173 3163 3157 3152 3146 3144 3139 3137 3136 3138 3136 3132
3771 3733 3709 3683 3661 3636 3601 3560 3534 3516 3503 3492 3476 3462 3449 3443 3437 3428 3416 3402 3388 3372 3361 3352 3346 3341 3336 3330 3326 3320 3316 3313 3310 3306 3306 3301 3296 3292 3291 3286 3283 3280 3275 3266 3262 3258 3252 3244 3235 3230 3227 3230 3236 3242 3245 3243 3238 3229 3220 3212 3206 3200 3193 3190 3182 3178 3175 3176 3174 3170 3164 3161 3154 3151 3152 3154 3155 3156 3156 3157 3166 3175 3176 3174
3811 3787 3755 3747 3731 3708 3680 3650 3623 3588 3561 3535 3506 3479 3462 3445 3439 3433 3427 3417 3403 3389 3375 3367 3359 3354 3348 3346 3342 3337 3327 3321 3314 3306 3301 3295 3290 3284 3276 3273 3267 3260 3254 3248 3244 3242 3237 3232 3225 3216 3207 3200 3198 3201 3209 3215 3217 3215 3213 3208 3205 3197 3188 3181 3174 3170 3166 3161 3154 3150 3144 3142 3136 3135 3138 3146 3152 3158 3164 3167 3181 3197 3202 3199
3844 3838 3829 3815 3792 3768 3741 3717 3687 3663 3638 3610 3579 3542 3503 3467 3455 3448 3444 3436 3425 3413 3401 3393 3381 3370 3363 3355 3349 3344 3339 3334 3326 3321 3314 3308 3304 3299 3292 3282 3272 3263 3250 3240 3231 3222 3217 3210 3205 3198 3188 3174 3169 3167 3170 3179 3187 3189 3192 3190 3183 3174 3166 3165 3161 3157 3155 3149 3145 3141 3135 3131 3125 3127 3131 3139 3150 3161 3167 3169 3179 3190 3193 3192
3870 3860 3851 3837 3824 3802 3781 3764 3745 3720 3693 3671 3638 3603 3562 3524 3493 3481 3466 3455 3450 3445 3440 3426 3415 3401 3388 3378 3367 3358 3350 3344 3338 3329 3320 3316 3310 3306 3298 3292 3286 3278 3264 3253 3245 3236 3229 3221 3214 3204 3194 3181 3167 3153 3146 3143 3146 3149 3152 3149 3144 3139 3136 3138 3136 3132 3133 3136 3134 3128 3126 3124 3124 3121 3122 3128 3139 3152 3161 3165 3169 3173 3174 3173
3870 3853 3838 3824 3814 3799 3785 3774 3760 3748 3729 3713 3683 3654 3625 3600 3568 3536 3518 3502 3489 3480 3470 3461 3451 3438 3428 3421 3412 3396 3374 3359 3350 3342 3336 3328 3321 3312 3305 3303 3297 3288 3278 3268 3263 3256 3246 3239 3231 3222 3215 3209 3191 3174 3155 3142 3133 3125 3122 3118 3116 3115 3113 3107 3106 3107 3111 3116 3120 3120 3120 3121 3121 3120 3116 3116 3123 3136 3149 3156 3156 3155 3156 3157
3852 3832 3808 3791 3780 3764 3757 3746 3744 3741 3740 3731 3713 3690 3664 3637 3610 3579 3547 3530 3516 3501 3495 3488 3480 3470 3464 3459 3453 3440 3421 3407 3389 3374 3367 3357 3347 3340 3338 3334 3328 3321 3313 3304 3299 3296 3285 3273 3261 3254 3247 3235 3217 3196 3178 3168 3162 3154 3151 3142 3137 3123 3107 3094 3089 3089 3094 3100 3106 3109 3112 3113 3114 3113 3109 3103 3105 3120 3137 3140 3135 3133 3140 3141
3824 3799 3774 3751 3733 3719 3709 3704 3707 3712 3718 3715 3705 3690 3672 3649 3624 3601 3576 3553 3538 3523 3512 3502 3496 3486 3479 3469 3457 3444 3432 3421 3409 3401 3394 3386 3375 3368 3362 3356 3350 3342 3337 3333 3327 3321 3315 3304 3291 3280 3257 3228 3205 3192 3183 3178 3173 3168 3159 3142 3127 3110 3095 3084 3080 3078 3082 3089 3097 3102 3105 3108 3107 3105 3103 3096 3092 3102 3113 3116 3109 3115 3126 3122
3783 3758 3734 3707 3685 3671 3660 3653 3657 3664 3672 3673 3668 3659 3648 3637 3625 3606 3583 3565 3552 3537 3518 3508 3501 3490 3482 3471 3455 3443 3431 3421 3413 3405 3399 3397 3391 3380 3368 3362 3352 3344 3333 3328 3318 3308 3300 3290 3282 3269 3249 3223 3200 3187 3183 3175 3161 3149 3137 3125 3113 3098 3087 3079 3076 3072 3069 3071 3079 3081 3085 3091 3096 3095 3093 3088 3080 3078 3082 3082 3085 3099 3107 3099
3742 3714 3685 3656 3634 3618 3608 3601 3606 3612 3618 3625 3628 3622 3616 3608 3595 3585 3576 3568 3559 3542 3525 3512 3498 3485 3476 3469 3459 3450 3439 3425 3419 3413 3409 3402 3395 3383 3371 3364 3352 3340 3329 3320 3308 3293 3283 3271 3259 3251 3235 3216 3203 3194 3187 3176 3163 3157 3147 3135 3128 3118 3105 3100 3092 3082 3071 3058 3055 3055 3060 3063 3071 3074 3075 3068 3066 3059 3057 3060 3069 3083 3086 3080
3693 3665 3633 3599 3581 3560 3545 3542 3551 3562 3572 3579 3581 3578 3574 3569 3567 3571 3569 3562 3552 3539 3525 3510 3497 3486 3476 3468 3461 3453 3447 3437 3430 3426 3421 3419 3410 3398 3382 3371 3358 3341 3328 3319 3302 3289 3275 3261 3248 3239 3224 3212 3205 3198 3189 3183 3180 3175 3168 3160 3154 3149 3141 3130 3117 3101 3084 3066 3052 3045 3040 3040 3043 3043 3042 3039 3039 3040 3043 3047 3057 3069 3072 3067
3648 3623 3586 3552 3523 3502 3493 3490 3499 3513 3524 3532 3532 3531 3527 3534 3548 3562 3565 3557 3546 3533 3521 3509 3500 3490 3483 3479 3469 3458 3452 3452 3452 3446 3441 3436 3423 3411 3406 3387 3371 3355 3341 3325 3306 3287 3272 3262 3250 3236 3227 3219 3214 3211 3207 3202 3196 3191 3187 3180 3175 3170 3161 3153 3139 3119 3102 3086 3068 3055 3041 3027 3024 3026 3021 3021 3023 3024 3028 3034 3040 3049 3055 3050
3613 3579 3543 3513 3487 3463 3447 3443 3451 3465 3476 3481 3481 3478 3487 3506 3527 3544 3554 3553 3546 3530 3518 3509 3502 3497 3494 3493 3487 3478 3471 3467 3465 3463 3458 3443 3430 3414 3402 3389 3377 3366 3348 3327 3309 3290 3280 3274 3264 3249 3233 3229 3225 3225 3230 3221 3208 3199 3192 3188 3180 3173 3168 3156 3144 3131 3118 3103 3087 3069 3049 3032 3022 3016 3013 3013 3011 3013 3015 3016 3021 3023 3026 3031
3586 3555 3520 3490 3461 3429 3410 3403 3405 3414 3422 3430 3432 3433 3457 3481 3506 3529 3548 3557 3549 3530 3512 3504 3501 3498 3505 3506 3502 3494 3485 3477 3469 3462 3449 3434 3416 3400 3384 3374 3366 3355 3341 3324 3305 3292 3289 3284 3273 3258 3243 3228 3220 3224 3228 3222 3211 3202 3195 3188 3184 3181 3172 3155 3145 3135 3124 3116 3105 3090 3068 3048 3035 3027 3023 3020 3016 3011 3006 3002 3003 3003 3004 3003
3568 3539 3507 3470 3436 3405 3383 3371 3363 3368 3378 3389 3392 3403 3429 3458 3488 3520 3539 3547 3538 3524 3505 3492 3487 3489 3498 3503 3500 3488 3487 3478 3463 3450 3435 3418 3400 3382 3361 3350 3337 3329 3320 3311 3300 3288 3279 3270 3253 3239 3226 3211 3199 3199 3198 3194 3190 3188 3187 3189 3196 3191 3180 3164 3156 3144 3133 3123 3118 3110 3092 3070 3056 3047 3039 3034 3029 3016 3005 2995 2989 2990 2982 2982
3541 3516 3481 3452 3422 3390 3363 3344 3331 3331 3339 3350 3360 3376 3404 3439 3472 3502 3518 3525 3522 3504 3488 3479 3466 3463 3467 3470 3470 3464 3462 3458 3446 3440 3431 3420 3397 3370 3346 3324 3308 3297 3289 3279 3272 3265 3258 3245 3231 3218 3205 3188 3177 3171 3169 3166 3164 3165 3176 3192 3209 3210 3198 3188 3177 3165 3150 3135 3125 3114 3098 3080 3064 3050 3039 3029 3024 3011 2995 2987 2975 2965 2954 2952
3503 3478 3453 3430 3401 3376 3350 3323 3305 3304 3307 3316 3330 3353 3382 3413 3445 3470 3489 3501 3505 3494 3479 3465 3449 3439 3436 3437 3434 3428 3421 3418 3414 3413 3416 3411 3386 3361 3332 3308 3282 3262 3251 3239 3231 3228 3229 3226 3210 3196 3181 3168 3155 3148 3141 3137 3135 3144 3165 3190 3214 3223 3220 3213 3201 3189 3174 3154 3133 3119 3099 3080 3060 3043 3033 3027 3021 3010 3002 2992 2978 2956 2936 2928
3462 3442 3421 3399 3374 3350 3321 3297 3282 3278 3280 3293 3312 3336 3363 3395 3423 3442 3460 3475 3483 3482 3472 3452 3435 3414 3406 3400 3394 3387 3381 3378 3379 3380 3382 3382 3371 3353 3327 3301 3270 3241 3214 3198 3188 3185 3193 3205 3193 3174 3158 3147 3137 3124 3113 3109 3113 3125 3150 3175 3200 3222 3234 3234 3226 3212 3189 3169 3143 3122 3102 3082 3063 3049 3041 3037 3032 3027 3024 3015 3000 2976 2959 2944
3431 3411 3386 3364 3341 3310 3288 3268 3256 3254 3262 3282 3301 3328 3359 3387 3399 3412 3424 3442 3454 3460 3461 3449 3427 3405 3384 3367 3357 3350 3345 3340 3339 3338 3337 3341 3345 3345 3328 3301 3267 3233 3193 3166 3149 3144 3162 3180 3175 3161 3144 3130 3118 3104 3092 3090 3095 3111 3132 3156 3180 3203 3226 3242 3244 3228 3202 3175 3150 3132 3108 3091 3081 3072 3068 3065 3061 3057 3056 3050 3032 3007 2991 2980
3403 3384 3359 3337 3309 3281 3262 3243 3236 3233 3248 3272 3300 3335 3357 3361 3363 3372 3384 3402 3422 3439 3452 3448 3429 3405 3371 3342 3324 3315 3312 3306 3297 3293 3297 3299 3306 3314 3314 3291 3257 3225 3186 3155 3121 3105 3126 3149 3159 3150 3134 3119 3105 3088 3078 3074 3082 3101 3120 3140 3160 3185 3212 3235 3245 3232 3208 3183 3162 3141 3122 3106 3101 3096 3095 3093 3094 3093 3094 3087 3071 3046 3029 3015
3381 3363 3339 3315 3289 3261 3241 3223 3218 3214 3233 3262 3295 3321 3327 3321 3325 3337 3352 3372 3399 3420 3432 3441 3426 3394 3360 3329 3302 3284 3278 3270 3260 3254 3253 3255 3265 3275 3277 3265 3236 3205 3175 3143 3110 3075 3087 3113 3138 3146 3133 3120 3104 3087 3073 3064 3070 3087 3105 3124 3145 3168 3194 3217 3226 3223 3210 3193 3170 3151 3137 3128 3126 3126 3126 3128 3129 3131 3135 3128 3109 3086 3073 3060
3356 3347 3328 3300 3270 3241 3220 3204 3195 3194 3214 3241 3268 3285 3285 3287 3295 3309 3326 3348 3373 3388 3398 3406 3397 3372 3342 3315 3287 3255 3243 3234 3223 3210 3208 3217 3226 3235 3241 3237 3218 3190 3157 3128 3090 3055 3056 3085 3118 3135 3131 3123 3108 3088 3070 3055 3058 3072 3090 3107 3134 3159 3182 3197 3203 3206 3200 3194 3180 3168 3155 3155 3157 3159 3156 3155 3156 3161 3164 3157 3143 3123 3110 3098
3317 3323 3314 3287 3254 3222 3198 3188 3180 3177 3189 3210 3232 3245 3249 3257 3270 3290 3309 3333 3348 3350 3352 3356 3354 3346 3323 3294 3262 3228 3201 3186 3177 3170 3164 3169 3179 3190 3199 3210 3204 3176 3142 3106 3071 3040 3034 3062 3090 3107 3118 3120 3109 3090 3074 3056 3043 3058 3077 3101 3128 3154 3175 3185 3190 3195 3199 3201 3199 3189 3182 3183 3188 3192 3189 3185 3184 3180 3172 3161 3149 3136 3126 3115
3270 3279 3281 3270 3247 3213 3188 3171 3161 3153 3164 3181 3198 3207 3212 3226 3249 3275 3305 3327 3326 3314 3310 3307 3311 3314 3313 3282 3241 3204 3170 3139 3128 3130 3120 3119 3128 3144 3164 3184 3190 3173 3139 3098 3065 3038 3021 3031 3058 3080 3101 3120 3110 3089 3067 3048 3036 3049 3072 3099 3129 3155 3176 3178 3187 3191 3198 3209 3212 3208 3208 3212 3217 3219 3216 3206 3193 3179 3173 3165 3150 3135 3123 3109
3221 3237 3243 3245 3238 3212 3179 3154 3143 3131 3136 3150 3162 3166 3179 3206 3237 3266 3298 3311 3297 3281 3272 3268 3270 3277 3283 3272 3239 3198 3160 3117 3092 3086 3079 3073 3083 3102 3130 3159 3174 3163 3136 3103 3075 3050 3023 3007 3029 3057 3091 3119 3112 3085 3065 3041 3029 3038 3064 3091 3119 3139 3155 3163 3169 3172 3182 3191 3197 3199 3209 3222 3234 3234 3225 3212 3196 3180 3166 3154 3143 3128 3119 3106
3181 3189 3194 3201 3208 3203 3171 3136 3121 3108 3107 3120 3126 3133 3157 3190 3223 3254 3280 3286 3274 3259 3245 3236 3233 3234 3239 3244 3235 3199 3159 3115 3076 3052 3044 3036 3048 3070 3102 3130 3148 3145 3125 3101 3072 3044 3018 2992 3001 3031 3069 3095 3096 3082 3060 3038 3021 3026 3047 3075 3097 3115 3130 3140 3142 3146 3155 3161 3168 3175 3179 3196 3210 3217 3220 3216 3201 3183 3164 3152 3136 3118 3106 3091
3151 3152 3155 3162 3172 3174 3156 3123 3095 3084 3085 3090 3092 3109 3133 3165 3198 3230 3252 3258 3254 3244 3225 3211 3201 3193 3195 3202 3200 3187 3157 3122 3079 3040 3019 3008 3015 3033 3061 3096 3118 3122 3115 3093 3070 3038 3006 2977 2979 3007 3037 3062 3072 3075 3055 3033 3015 3016 3036 3057 3075 3092 3107 3115 3122 3128 3133 3132 3135 3142 3149 3161 3178 3194 3207 3207 3198 3186 3169 3153 3134 3114 3093 3072
3140 3136 3130 3130 3138 3145 3141 3115 3085 3074 3072 3072 3072 3085 3105 3138 3172 3203 3216 3223 3229 3228 3215 3195 3176 3160 3154 3156 3158 3156 3144 3117 3084 3050 3017 2987 2989 3006 3033 3063 3085 3094 3096 3082 3064 3031 3000 2965 2959 2979 3011 3036 3059 3067 3051 3029 3011 3009 3023 3042 3057 3073 3088 3102 3112 3115 3109 3103 3102 3109 3121 3132 3152 3171 3183 3193 3194 3187 3173 3152 3131 3113 3095 3077
3142 3130 3122 3120 3118 3122 3123 3110 3088 3070 3059 3059 3058 3064 3078 3105 3143 3168 3178 3184 3197 3207 3208 3193 3168 3140 3119 3111 3111 3110 3106 3093 3068 3040 3009 2979 2968 2979 3004 3029 3047 3064 3066 3056 3041 3014 2980 2949 2944 2963 2992 3021 3053 3062 3047 3026 3006 2996 3007 3027 3042 3059 3077 3094 3102 3098 3087 3074 3072 3081 3094 3113 3134 3154 3169 3184 3190 3178 3159 3143 3129 3119 3107 3096
3151 3132 3119 3110 3104 3103 3101 3098 3088 3072 3050 3048 3047 3045 3055 3079 3114 3133 3139 3150 3168 3189 3202 3208 3182 3147 3116 3082 3067 3063 3061 3053 3036 3013 2987 2959 2946 2957 2976 3009 3031 3042 3038 3027 3013 2986 2952 2929 2932 2951 2981 3013 3045 3055 3045 3026 3003 2985 2995 3016 3034 3054 3071 3077 3075 3069 3056 3047 3047 3060 3078 3103 3128 3150 3165 3168 3163 3149 3132 3123 3119 3122 3120 3115
