tutorials/large_scale_LEM/DEMData/SRTMGL3_39.9_-105.37_40.02_-105.25.asc
ncols        144
nrows        144
xllcorner    -105.370416666684
yllcorner    39.900416666671
cellsize     0.000833333333
NODATA_value 0
[rows 38 to 75 of 144, columns 0 to 83 of 144]
2237 2220 2206 2204 2195 2185 2179 2187 2182 2166 2159 2173 2172 2153 2138 2149 2159 2153 2130 2108 2122 2153 2181 2194 2190 2194 2173 2151 2131 2106 2079 2063 2058 2041 2047 2071 2088 2096 2116 2146 2181 2221 2250 2261 2244 2220 2198 2199 2220 2244 2262 2264 2254 2249 2254 2267 2257 2239 2246 2265 2270 2262 2255 2245 2230 2211 2193 2170 2153 2143 2138 2143 2153 2166 2184 2204 2217 2218 2210 2191 2169 2161 2189 2221
2225 2224 2236 2232 2216 2200 2203 2210 2197 2181 2179 2197 2200 2194 2179 2181 2173 2157 2132 2123 2138 2173 2204 2217 2212 2213 2198 2170 2145 2120 2093 2092 2095 2066 2052 2070 2103 2126 2134 2142 2167 2199 2240 2276 2281 2252 2227 2208 2220 2247 2268 2281 2277 2265 2267 2280 2271 2256 2254 2266 2274 2269 2263 2249 2232 2203 2177 2165 2165 2158 2161 2165 2165 2177 2185 2201 2224 2240 2241 2230 2211 2193 2192 2217
2244 2255 2259 2244 2224 2222 2227 2223 2213 2203 2201 2218 2229 2228 2225 2211 2192 2177 2150 2146 2159 2189 2227 2242 2237 2238 2223 2196 2174 2143 2114 2118 2118 2088 2070 2093 2126 2157 2175 2184 2190 2206 2238 2283 2308 2290 2262 2239 2230 2243 2258 2274 2288 2292 2300 2306 2294 2279 2278 2278 2282 2273 2259 2241 2215 2193 2181 2185 2181 2178 2191 2193 2181 2195 2208 2210 2216 2240 2264 2265 2244 2227 2219 2232
2272 2276 2270 2248 2242 2255 2260 2249 2244 2235 2227 2243 2256 2258 2253 2240 2222 2200 2175 2176 2195 2211 2239 2264 2272 2263 2242 2217 2192 2161 2137 2144 2134 2099 2081 2087 2110 2145 2180 2207 2228 2248 2260 2295 2325 2309 2277 2259 2256 2257 2262 2285 2311 2325 2334 2335 2318 2304 2296 2296 2291 2272 2247 2228 2215 2207 2212 2209 2196 2202 2223 2221 2207 2217 2238 2241 2234 2241 2264 2284 2277 2275 2270 2267
2293 2295 2293 2275 2271 2283 2288 2279 2275 2262 2252 2263 2276 2280 2276 2263 2235 2203 2193 2215 2232 2233 2242 2268 2286 2284 2260 2232 2214 2193 2178 2168 2148 2133 2117 2102 2105 2130 2166 2205 2234 2269 2304 2332 2348 2330 2305 2293 2298 2295 2297 2315 2328 2343 2355 2353 2339 2324 2320 2318 2305 2280 2253 2245 2256 2248 2242 2233 2219 2215 2245 2255 2244 2245 2267 2276 2272 2272 2282 2304 2321 2330 2324 2310
2317 2319 2319 2307 2300 2313 2316 2313 2303 2290 2286 2289 2301 2311 2304 2281 2247 2222 2217 2238 2262 2267 2257 2265 2283 2296 2288 2265 2251 2235 2219 2196 2184 2185 2163 2133 2129 2140 2160 2188 2221 2258 2301 2334 2361 2358 2346 2341 2348 2340 2337 2349 2347 2351 2354 2354 2345 2336 2338 2341 2321 2300 2282 2283 2297 2284 2267 2259 2242 2239 2262 2283 2279 2281 2301 2314 2321 2315 2321 2336 2361 2380 2374 2359
2340 2350 2348 2335 2341 2354 2355 2360 2338 2324 2329 2332 2337 2342 2335 2304 2270 2245 2239 2248 2269 2291 2289 2278 2283 2287 2298 2300 2293 2286 2262 2239 2236 2221 2184 2149 2147 2174 2194 2216 2241 2258 2285 2321 2354 2371 2372 2367 2363 2359 2354 2357 2353 2354 2355 2353 2349 2348 2346 2342 2336 2325 2310 2316 2329 2319 2303 2294 2272 2273 2290 2309 2306 2307 2328 2341 2349 2361 2372 2382 2402 2426 2422 2405
2346 2369 2379 2382 2389 2398 2407 2405 2383 2375 2378 2386 2392 2388 2369 2327 2295 2279 2275 2279 2290 2310 2317 2310 2309 2297 2300 2314 2324 2328 2309 2287 2267 2229 2191 2176 2183 2189 2212 2248 2274 2284 2288 2309 2334 2361 2368 2365 2360 2353 2350 2349 2348 2348 2349 2350 2348 2346 2338 2339 2337 2335 2329 2329 2332 2333 2336 2328 2313 2314 2323 2335 2329 2327 2327 2334 2345 2364 2380 2397 2417 2443 2462 2443
2366 2382 2406 2425 2432 2438 2440 2439 2431 2423 2425 2435 2443 2431 2408 2368 2344 2326 2318 2323 2335 2345 2341 2336 2324 2311 2306 2316 2329 2339 2332 2308 2274 2234 2199 2220 2244 2225 2217 2238 2261 2284 2309 2325 2338 2357 2365 2361 2356 2351 2345 2341 2340 2340 2340 2338 2333 2329 2326 2328 2327 2319 2320 2317 2321 2332 2342 2341 2331 2324 2330 2332 2325 2318 2317 2328 2338 2350 2364 2379 2401 2432 2457 2446
2400 2394 2405 2432 2452 2458 2451 2447 2443 2442 2449 2460 2473 2470 2448 2418 2402 2389 2381 2381 2393 2387 2369 2356 2347 2340 2329 2327 2338 2347 2328 2300 2274 2244 2237 2264 2273 2252 2246 2265 2275 2293 2316 2339 2349 2359 2366 2362 2355 2354 2349 2347 2344 2332 2325 2320 2318 2317 2315 2308 2306 2300 2301 2305 2312 2325 2333 2324 2320 2312 2310 2316 2309 2299 2308 2317 2319 2333 2348 2363 2382 2412 2441 2426
2436 2420 2421 2432 2444 2451 2445 2433 2431 2437 2451 2466 2485 2491 2482 2465 2456 2451 2447 2442 2440 2421 2406 2399 2391 2376 2363 2354 2359 2353 2327 2294 2267 2258 2277 2299 2298 2273 2271 2297 2319 2333 2336 2347 2355 2360 2362 2363 2358 2354 2352 2349 2345 2333 2325 2319 2310 2309 2305 2301 2292 2285 2285 2287 2301 2314 2314 2313 2312 2296 2294 2302 2293 2291 2302 2302 2310 2332 2336 2337 2361 2393 2424 2422
2484 2465 2449 2451 2443 2436 2430 2422 2418 2427 2446 2458 2476 2488 2488 2481 2468 2464 2458 2451 2448 2442 2439 2438 2426 2411 2400 2387 2381 2360 2333 2298 2280 2284 2314 2328 2317 2291 2289 2312 2342 2352 2355 2357 2359 2357 2355 2357 2357 2354 2352 2347 2342 2335 2331 2332 2325 2324 2319 2321 2316 2302 2291 2282 2284 2292 2299 2304 2296 2283 2285 2285 2270 2274 2284 2303 2318 2321 2310 2309 2341 2375 2403 2411
2528 2502 2481 2462 2445 2432 2415 2411 2409 2412 2423 2435 2449 2457 2460 2458 2443 2434 2431 2428 2431 2440 2447 2450 2446 2434 2421 2408 2397 2378 2360 2337 2310 2306 2332 2348 2343 2324 2327 2337 2348 2352 2356 2364 2365 2364 2359 2356 2358 2355 2352 2349 2345 2343 2342 2340 2336 2336 2333 2332 2334 2328 2315 2292 2270 2269 2282 2287 2275 2264 2277 2272 2253 2264 2283 2299 2298 2289 2285 2301 2330 2361 2393 2412
2546 2526 2505 2480 2456 2434 2420 2412 2401 2397 2400 2409 2417 2419 2421 2422 2417 2407 2405 2407 2416 2429 2445 2457 2455 2446 2435 2425 2410 2397 2380 2359 2341 2342 2356 2368 2367 2361 2359 2364 2364 2360 2361 2365 2364 2359 2362 2356 2351 2348 2357 2356 2353 2348 2345 2343 2342 2344 2344 2342 2338 2332 2318 2303 2288 2269 2258 2256 2249 2250 2258 2252 2242 2259 2272 2277 2269 2274 2291 2316 2342 2363 2384 2411
2549 2539 2520 2501 2475 2458 2445 2428 2414 2396 2384 2387 2390 2387 2388 2391 2393 2392 2393 2400 2417 2430 2444 2453 2456 2452 2443 2431 2421 2408 2390 2386 2384 2384 2392 2393 2388 2382 2382 2381 2377 2372 2369 2366 2360 2354 2357 2355 2338 2336 2357 2363 2354 2343 2339 2332 2331 2340 2350 2345 2337 2328 2321 2306 2290 2272 2259 2263 2261 2252 2241 2233 2231 2239 2251 2252 2252 2284 2313 2320 2318 2330 2353 2389
2549 2544 2539 2524 2504 2488 2467 2438 2415 2401 2390 2377 2372 2367 2369 2374 2376 2378 2382 2395 2412 2427 2435 2439 2443 2442 2442 2434 2423 2413 2404 2406 2411 2413 2410 2408 2404 2399 2397 2391 2389 2381 2373 2368 2355 2340 2329 2324 2314 2322 2341 2356 2351 2333 2320 2315 2315 2328 2338 2333 2338 2333 2326 2313 2299 2281 2283 2294 2294 2287 2271 2254 2233 2225 2226 2231 2254 2287 2299 2284 2279 2295 2328 2375
2546 2541 2538 2535 2526 2509 2480 2448 2421 2408 2395 2383 2371 2362 2354 2356 2362 2366 2374 2385 2399 2408 2413 2419 2428 2437 2437 2428 2420 2416 2415 2419 2418 2418 2414 2409 2406 2404 2401 2397 2390 2386 2383 2379 2365 2349 2332 2311 2292 2297 2315 2327 2333 2320 2303 2299 2305 2324 2334 2323 2324 2323 2318 2319 2312 2307 2306 2317 2315 2298 2276 2268 2257 2237 2219 2226 2254 2268 2256 2244 2255 2282 2319 2362
2540 2535 2533 2541 2544 2523 2493 2460 2432 2415 2401 2389 2376 2363 2357 2346 2349 2351 2357 2362 2368 2383 2388 2397 2418 2434 2426 2412 2409 2412 2413 2416 2413 2406 2399 2400 2401 2405 2406 2402 2396 2394 2389 2386 2375 2359 2341 2316 2285 2274 2285 2302 2306 2298 2287 2294 2309 2330 2335 2316 2303 2303 2313 2328 2332 2332 2333 2331 2319 2306 2286 2266 2256 2237 2216 2209 2224 2227 2220 2218 2245 2282 2316 2338
2521 2521 2516 2526 2537 2531 2506 2480 2456 2436 2416 2402 2388 2371 2365 2352 2342 2336 2339 2340 2346 2357 2368 2388 2418 2430 2411 2393 2386 2392 2396 2397 2391 2380 2375 2385 2390 2398 2407 2407 2401 2395 2395 2394 2382 2358 2329 2299 2273 2257 2274 2284 2281 2276 2286 2312 2328 2339 2333 2309 2290 2289 2309 2325 2332 2337 2340 2340 2333 2314 2294 2269 2244 2225 2209 2197 2199 2193 2190 2208 2245 2277 2294 2292
2495 2497 2494 2498 2512 2521 2520 2507 2485 2461 2444 2428 2404 2385 2369 2358 2349 2335 2327 2326 2330 2335 2345 2366 2387 2391 2383 2371 2359 2360 2363 2365 2361 2353 2351 2363 2376 2390 2404 2403 2395 2387 2393 2395 2382 2351 2318 2288 2265 2251 2268 2275 2266 2278 2300 2320 2325 2331 2331 2309 2288 2274 2287 2306 2325 2331 2334 2329 2327 2320 2304 2288 2265 2241 2221 2198 2190 2176 2174 2196 2221 2248 2259 2248
2481 2476 2474 2480 2496 2519 2536 2533 2516 2494 2474 2446 2418 2404 2384 2370 2357 2343 2329 2321 2316 2317 2323 2335 2345 2349 2349 2347 2339 2331 2332 2333 2333 2327 2328 2343 2365 2388 2397 2392 2377 2370 2375 2369 2351 2334 2309 2284 2257 2244 2262 2267 2267 2283 2297 2299 2297 2309 2313 2303 2286 2262 2262 2279 2301 2311 2318 2311 2314 2320 2310 2301 2281 2269 2259 2237 2215 2182 2163 2166 2180 2200 2212 2204
2472 2464 2462 2471 2489 2513 2528 2534 2528 2508 2488 2462 2445 2429 2411 2392 2370 2352 2335 2324 2311 2306 2307 2312 2317 2317 2315 2315 2315 2313 2312 2314 2314 2311 2315 2334 2362 2386 2389 2378 2356 2347 2352 2336 2314 2298 2284 2268 2248 2234 2248 2257 2271 2274 2280 2287 2281 2281 2280 2270 2261 2245 2239 2253 2274 2293 2301 2289 2291 2298 2290 2281 2272 2274 2281 2258 2222 2193 2172 2156 2150 2163 2163 2154
2457 2444 2446 2457 2473 2487 2503 2514 2516 2499 2479 2462 2447 2430 2418 2402 2383 2364 2342 2325 2312 2301 2293 2293 2294 2294 2293 2295 2298 2295 2298 2300 2296 2295 2308 2326 2347 2361 2369 2365 2350 2337 2329 2316 2294 2274 2262 2248 2229 2226 2238 2254 2268 2265 2271 2285 2289 2277 2265 2251 2239 2225 2228 2252 2278 2291 2286 2272 2258 2265 2265 2257 2257 2273 2288 2272 2253 2235 2210 2180 2149 2137 2132 2122
2438 2428 2424 2435 2450 2463 2473 2481 2488 2477 2456 2442 2430 2420 2410 2399 2388 2375 2356 2342 2326 2317 2310 2306 2296 2283 2280 2282 2281 2281 2287 2289 2282 2289 2303 2314 2328 2339 2346 2344 2336 2326 2311 2298 2283 2270 2251 2233 2217 2216 2232 2248 2251 2256 2270 2283 2286 2282 2276 2263 2238 2219 2216 2237 2259 2269 2260 2251 2240 2240 2237 2234 2250 2272 2283 2287 2291 2280 2257 2220 2186 2156 2149 2148
2417 2408 2407 2414 2424 2429 2435 2447 2456 2448 2434 2422 2410 2400 2392 2387 2387 2381 2366 2352 2338 2330 2323 2313 2309 2297 2278 2270 2269 2271 2276 2271 2270 2278 2290 2303 2316 2323 2326 2326 2321 2314 2304 2291 2272 2263 2250 2225 2206 2214 2232 2238 2232 2244 2262 2273 2267 2264 2273 2267 2245 2225 2205 2210 2228 2241 2236 2225 2229 2221 2213 2225 2248 2261 2265 2277 2295 2299 2282 2244 2207 2172 2171 2168
2395 2390 2386 2393 2399 2403 2409 2419 2423 2419 2415 2410 2398 2385 2375 2374 2378 2373 2367 2359 2346 2332 2313 2304 2296 2293 2284 2273 2261 2260 2261 2256 2256 2269 2280 2291 2300 2305 2315 2317 2312 2303 2290 2281 2270 2255 2235 2220 2201 2199 2217 2224 2224 2244 2263 2262 2244 2247 2260 2263 2252 2233 2206 2194 2205 2214 2214 2204 2205 2204 2211 2231 2244 2249 2261 2283 2304 2303 2271 2231 2194 2185 2196 2177
2382 2374 2372 2376 2381 2387 2392 2395 2394 2395 2401 2397 2381 2366 2360 2363 2367 2366 2360 2354 2347 2332 2311 2296 2283 2276 2283 2279 2265 2251 2246 2243 2246 2260 2270 2276 2279 2288 2302 2310 2306 2295 2279 2267 2263 2264 2251 2231 2208 2193 2197 2206 2212 2234 2246 2242 2230 2237 2251 2258 2255 2241 2216 2192 2186 2189 2196 2189 2182 2197 2219 2228 2232 2245 2270 2297 2322 2315 2277 2245 2225 2215 2223 2201
2369 2367 2365 2366 2372 2376 2379 2378 2374 2373 2383 2377 2359 2348 2348 2356 2362 2360 2348 2341 2344 2329 2307 2289 2277 2268 2270 2275 2272 2264 2248 2237 2235 2246 2254 2262 2271 2280 2289 2292 2288 2283 2268 2258 2254 2258 2255 2244 2226 2206 2187 2186 2197 2214 2214 2217 2215 2226 2244 2249 2248 2246 2235 2213 2193 2176 2173 2176 2178 2198 2213 2212 2223 2250 2272 2299 2316 2320 2304 2283 2262 2247 2252 2221
2347 2348 2354 2359 2364 2366 2364 2362 2360 2352 2352 2351 2340 2329 2332 2344 2359 2359 2338 2323 2319 2309 2294 2282 2268 2259 2254 2258 2261 2257 2249 2236 2229 2236 2244 2258 2270 2279 2280 2280 2280 2274 2261 2250 2241 2245 2250 2245 2229 2209 2190 2174 2186 2197 2187 2192 2199 2217 2231 2234 2233 2232 2237 2229 2208 2188 2167 2163 2179 2196 2198 2199 2226 2244 2257 2278 2299 2320 2333 2325 2299 2284 2281 2261
2337 2339 2346 2350 2354 2357 2359 2359 2356 2346 2341 2332 2327 2321 2320 2334 2351 2347 2331 2312 2299 2290 2277 2270 2261 2252 2243 2238 2241 2241 2237 2232 2223 2236 2249 2256 2266 2272 2275 2275 2274 2267 2257 2244 2234 2236 2242 2233 2215 2199 2183 2168 2173 2186 2177 2176 2196 2216 2215 2214 2214 2215 2221 2217 2199 2182 2164 2153 2165 2177 2182 2196 2216 2235 2258 2280 2298 2308 2325 2334 2329 2324 2323 2308
2335 2337 2337 2342 2346 2346 2344 2347 2345 2342 2337 2328 2317 2314 2310 2316 2322 2313 2304 2302 2294 2283 2275 2271 2265 2255 2246 2236 2223 2225 2223 2223 2225 2241 2257 2263 2266 2270 2273 2273 2266 2261 2251 2241 2231 2228 2230 2222 2208 2191 2173 2160 2170 2176 2165 2171 2193 2206 2205 2195 2196 2204 2200 2199 2193 2168 2153 2149 2155 2162 2178 2203 2231 2243 2253 2268 2272 2277 2288 2302 2319 2339 2355 2357
2326 2328 2331 2338 2338 2333 2329 2329 2326 2327 2325 2316 2306 2308 2301 2300 2297 2288 2281 2284 2283 2275 2270 2263 2261 2248 2240 2229 2220 2215 2213 2213 2229 2244 2254 2261 2265 2270 2273 2274 2266 2257 2247 2230 2222 2217 2222 2216 2206 2192 2172 2156 2160 2166 2158 2160 2178 2189 2187 2182 2189 2194 2182 2176 2180 2157 2144 2150 2157 2161 2168 2191 2211 2218 2230 2235 2240 2243 2254 2268 2289 2319 2351 2367
2329 2319 2325 2331 2329 2326 2318 2314 2310 2310 2307 2302 2292 2292 2290 2283 2282 2279 2270 2267 2268 2263 2260 2255 2252 2243 2231 2219 2212 2212 2218 2228 2238 2245 2251 2259 2265 2269 2270 2265 2258 2253 2242 2224 2208 2201 2209 2213 2199 2188 2173 2159 2151 2150 2147 2149 2166 2168 2169 2179 2189 2186 2170 2158 2155 2144 2135 2151 2169 2181 2186 2186 2194 2200 2208 2215 2227 2239 2249 2255 2268 2296 2325 2342
2327 2320 2313 2312 2309 2304 2301 2301 2299 2300 2299 2294 2281 2273 2273 2270 2272 2273 2266 2256 2250 2247 2245 2242 2242 2240 2231 2215 2210 2220 2232 2240 2239 2244 2251 2257 2259 2261 2262 2256 2252 2242 2228 2216 2198 2190 2203 2208 2198 2184 2172 2159 2150 2140 2130 2137 2150 2157 2168 2185 2192 2180 2166 2151 2140 2130 2128 2149 2173 2196 2201 2204 2210 2219 2232 2245 2257 2275 2283 2288 2284 2288 2301 2317
2339 2333 2328 2320 2314 2309 2302 2295 2293 2294 2291 2286 2277 2268 2267 2263 2260 2261 2258 2251 2244 2235 2230 2231 2235 2241 2233 2213 2205 2218 2232 2236 2234 2236 2241 2249 2253 2255 2254 2253 2248 2243 2233 2214 2192 2184 2192 2197 2198 2188 2172 2157 2146 2138 2128 2134 2155 2171 2181 2183 2185 2181 2168 2152 2132 2122 2133 2154 2166 2176 2183 2188 2198 2210 2231 2253 2273 2288 2308 2319 2320 2317 2327 2335
2345 2340 2331 2328 2321 2319 2314 2304 2296 2293 2289 2282 2278 2283 2282 2277 2261 2255 2244 2242 2238 2230 2223 2224 2225 2224 2221 2214 2204 2209 2220 2223 2228 2231 2236 2241 2249 2252 2250 2250 2246 2239 2226 2209 2193 2171 2170 2182 2194 2184 2168 2153 2137 2127 2124 2142 2160 2169 2181 2180 2166 2164 2163 2147 2125 2116 2132 2152 2155 2157 2170 2181 2193 2202 2215 2238 2268 2293 2320 2341 2346 2353 2358 2369
2345 2340 2332 2328 2325 2324 2318 2312 2306 2304 2302 2296 2295 2293 2286 2279 2272 2262 2249 2240 2235 2230 2227 2221 2210 2204 2204 2205 2196 2199 2205 2213 2222 2231 2233 2239 2242 2244 2245 2240 2235 2225 2211 2196 2184 2167 2162 2177 2181 2175 2165 2155 2134 2119 2120 2135 2144 2151 2164 2163 2151 2145 2141 2127 2112 2115 2127 2137 2151 2169 2193 2213 2220 2216 2226 2232 2250 2283 2317 2348 2367 2386 2394 2402
2335 2332 2326 2322 2320 2321 2318 2316 2310 2304 2307 2307 2301 2296 2288 2280 2273 2265 2262 2261 2254 2247 2235 2231 2225 2221 2208 2201 2191 2186 2188 2200 2212 2218 2220 2226 2233 2238 2238 2235 2227 2213 2199 2186 2172 2155 2151 2162 2157 2154 2153 2151 2139 2127 2116 2119 2125 2138 2150 2151 2143 2129 2121 2112 2103 2112 2135 2144 2157 2176 2203 2225 2242 2251 2258 2263 2263 2276 2307 2341 2379 2410 2425 2435
