tutorials/large_scale_LEM/DEMData/SRTMGL3_39.5_-106_40_-105.5.asc
ncols        600
nrows        600
xllcorner    -106.000416666683
yllcorner    39.500416666671
cellsize     0.000833333333
NODATA_value 0
[rows 380 to 417 of 600, columns 336 to 419 of 600]
3212 3191 3182 3189 3192 3186 3183 3164 3138 3112 3091 3078 3061 3038 3023 3001 2981 2969 2955 2939 2924 2901 2877 2868 2867 2878 2910 2953 2994 3030 3064 3100 3135 3167 3196 3227 3263 3295 3328 3361 3394 3418 3437 3454 3461 3460 3445 3424 3406 3390 3370 3356 3337 3323 3305 3290 3276 3266 3252 3238 3222 3209 3202 3189 3175 3159 3146 3135 3124 3113 3097 3082 3068 3053 3046 3056 3070 3079 3067 3042 3019 2993 2963 2929
3129 3118 3118 3123 3127 3119 3114 3106 3091 3075 3062 3048 3032 3025 3012 2997 2988 2977 2965 2953 2936 2906 2888 2889 2885 2888 2923 2967 3011 3051 3084 3117 3160 3192 3227 3255 3287 3323 3354 3386 3418 3445 3456 3452 3444 3435 3420 3401 3384 3370 3353 3340 3327 3316 3300 3290 3276 3262 3249 3240 3229 3218 3211 3199 3181 3164 3153 3138 3126 3112 3097 3080 3062 3040 3014 3014 3030 3041 3033 3010 2986 2965 2933 2899
3104 3095 3090 3082 3081 3076 3072 3065 3062 3050 3050 3053 3056 3058 3052 3033 3012 2998 2982 2964 2942 2918 2908 2904 2896 2898 2930 2970 3028 3070 3104 3138 3182 3221 3258 3287 3317 3348 3379 3410 3439 3462 3466 3453 3435 3419 3403 3386 3372 3360 3345 3330 3317 3306 3297 3283 3268 3250 3238 3224 3212 3204 3199 3189 3178 3170 3165 3150 3136 3125 3105 3089 3075 3049 3014 2985 2985 3004 2998 2969 2944 2921 2898 2877
3151 3135 3114 3100 3090 3082 3080 3072 3069 3073 3080 3086 3090 3099 3089 3066 3039 3026 3003 2984 2954 2934 2926 2917 2915 2914 2939 2982 3038 3090 3124 3161 3193 3233 3277 3318 3351 3376 3405 3434 3457 3479 3474 3456 3432 3413 3396 3378 3364 3353 3337 3323 3309 3300 3290 3281 3267 3246 3229 3208 3187 3176 3166 3158 3152 3156 3164 3152 3135 3114 3105 3094 3076 3051 3018 2975 2956 2957 2951 2932 2912 2899 2892 2893
3223 3204 3162 3132 3117 3109 3109 3105 3101 3106 3112 3114 3117 3124 3127 3107 3083 3062 3046 3035 3005 2973 2947 2937 2933 2938 2952 2992 3044 3098 3149 3185 3218 3251 3291 3337 3374 3399 3423 3451 3476 3485 3472 3457 3433 3410 3392 3373 3361 3348 3337 3322 3309 3294 3280 3266 3255 3245 3224 3200 3169 3142 3124 3117 3112 3112 3120 3123 3105 3083 3074 3064 3047 3020 2993 2967 2946 2931 2921 2914 2909 2907 2909 2922
3276 3258 3219 3180 3161 3160 3162 3155 3154 3155 3160 3160 3161 3151 3139 3114 3092 3082 3068 3053 3025 2993 2969 2947 2944 2947 2961 2995 3049 3121 3173 3223 3251 3276 3312 3350 3392 3421 3443 3459 3470 3468 3458 3450 3436 3414 3395 3376 3358 3343 3330 3314 3304 3288 3273 3259 3244 3229 3211 3188 3162 3130 3101 3076 3071 3065 3069 3068 3059 3044 3032 3019 2997 2976 2956 2947 2935 2921 2917 2920 2924 2928 2933 2935
3321 3288 3247 3213 3202 3204 3210 3211 3211 3214 3215 3202 3181 3156 3137 3114 3095 3083 3063 3042 3021 2998 2974 2963 2951 2957 2969 3013 3076 3137 3202 3248 3284 3316 3343 3373 3409 3433 3441 3445 3445 3439 3430 3427 3422 3413 3396 3377 3354 3336 3323 3310 3296 3283 3265 3247 3230 3211 3191 3170 3150 3128 3098 3074 3058 3046 3038 3034 3024 3014 3003 2980 2963 2952 2940 2932 2928 2930 2932 2933 2937 2952 2967 2970
3342 3305 3261 3238 3232 3235 3245 3252 3259 3262 3251 3223 3192 3165 3139 3114 3086 3063 3044 3032 3028 3017 2999 2990 2973 2968 2980 3023 3077 3148 3210 3259 3310 3358 3399 3423 3430 3433 3426 3418 3415 3410 3399 3395 3389 3388 3375 3362 3342 3330 3316 3306 3292 3279 3258 3238 3222 3202 3182 3159 3141 3126 3108 3094 3078 3055 3040 3026 3014 3003 2988 2965 2955 2947 2943 2943 2949 2960 2963 2961 2965 2979 2999 3008
3347 3311 3275 3256 3258 3267 3283 3295 3305 3306 3282 3244 3209 3174 3140 3106 3072 3048 3034 3034 3040 3046 3040 3023 2994 2978 2991 3030 3087 3148 3203 3252 3314 3365 3416 3448 3448 3432 3417 3402 3390 3379 3368 3361 3349 3342 3335 3326 3317 3312 3308 3302 3291 3279 3261 3242 3224 3207 3191 3175 3159 3142 3128 3114 3094 3065 3043 3027 3020 3005 2989 2973 2965 2961 2966 2976 2991 2999 2995 2993 3001 3015 3034 3046
3350 3320 3291 3283 3296 3311 3329 3340 3345 3331 3294 3255 3217 3179 3143 3106 3063 3033 3026 3033 3045 3052 3051 3036 3011 2994 3001 3025 3076 3135 3188 3239 3304 3354 3415 3445 3442 3426 3406 3390 3374 3358 3346 3329 3317 3308 3298 3289 3280 3280 3281 3280 3275 3267 3256 3239 3224 3210 3203 3193 3177 3164 3145 3123 3099 3067 3044 3033 3020 3007 2997 2983 2973 2987 3003 3016 3029 3033 3028 3030 3033 3045 3066 3080
3354 3327 3314 3321 3339 3360 3374 3369 3352 3323 3287 3253 3222 3187 3151 3113 3068 3033 3028 3035 3052 3059 3050 3033 3020 2998 2999 3024 3073 3134 3183 3242 3298 3357 3408 3435 3424 3409 3389 3375 3362 3345 3330 3312 3299 3285 3271 3263 3251 3244 3241 3239 3234 3226 3217 3205 3193 3185 3182 3176 3172 3165 3153 3126 3099 3074 3052 3040 3027 3013 2995 2984 2989 3010 3031 3052 3065 3060 3058 3063 3071 3082 3100 3115
3363 3349 3357 3367 3384 3402 3404 3379 3352 3320 3285 3260 3228 3197 3157 3117 3073 3039 3032 3047 3059 3058 3050 3033 3019 3001 3008 3042 3092 3142 3189 3248 3301 3353 3404 3415 3401 3384 3370 3360 3346 3336 3318 3301 3290 3279 3265 3250 3235 3223 3209 3199 3192 3184 3175 3167 3157 3145 3140 3140 3138 3138 3134 3125 3105 3078 3065 3051 3033 3016 2996 2989 2996 3020 3050 3066 3070 3068 3074 3090 3105 3122 3136 3152
3391 3396 3405 3417 3428 3429 3405 3374 3346 3318 3287 3264 3234 3201 3160 3121 3077 3045 3036 3051 3059 3059 3051 3030 3013 3013 3033 3071 3118 3156 3195 3244 3297 3348 3387 3396 3385 3374 3362 3351 3344 3334 3320 3308 3291 3277 3262 3244 3227 3214 3195 3182 3170 3158 3147 3134 3122 3112 3107 3103 3101 3103 3104 3104 3097 3085 3076 3058 3038 3017 3003 2993 3005 3028 3054 3067 3068 3071 3089 3112 3135 3152 3168 3184
3429 3440 3453 3461 3458 3429 3391 3365 3345 3323 3297 3270 3239 3209 3169 3127 3083 3052 3039 3046 3052 3057 3050 3026 3018 3028 3051 3091 3138 3181 3212 3243 3291 3346 3383 3393 3384 3373 3358 3351 3341 3331 3322 3309 3294 3276 3264 3249 3235 3219 3197 3183 3168 3159 3146 3131 3116 3105 3097 3092 3091 3092 3091 3095 3092 3084 3080 3059 3036 3020 3007 3005 3022 3039 3060 3070 3072 3077 3100 3128 3162 3187 3200 3216
3469 3475 3489 3488 3465 3421 3390 3367 3346 3331 3306 3279 3250 3218 3185 3142 3096 3064 3047 3045 3046 3048 3036 3019 3024 3037 3063 3108 3154 3200 3226 3250 3290 3342 3394 3404 3389 3373 3360 3352 3346 3335 3325 3317 3305 3291 3274 3258 3246 3228 3211 3196 3187 3174 3159 3143 3126 3110 3100 3095 3092 3092 3093 3090 3085 3074 3069 3051 3034 3019 3014 3031 3041 3053 3071 3080 3078 3083 3105 3137 3171 3203 3229 3247
3504 3506 3521 3501 3466 3428 3401 3377 3356 3340 3320 3294 3274 3243 3208 3165 3113 3076 3055 3047 3040 3033 3019 3014 3019 3044 3084 3117 3156 3204 3236 3256 3291 3342 3392 3417 3401 3379 3368 3358 3352 3344 3334 3326 3314 3302 3287 3269 3261 3246 3233 3214 3202 3190 3177 3162 3145 3130 3117 3105 3101 3098 3099 3094 3087 3076 3062 3050 3037 3023 3024 3042 3055 3063 3073 3086 3084 3090 3114 3146 3177 3208 3244 3270
3535 3540 3541 3521 3495 3451 3426 3399 3383 3365 3344 3323 3292 3260 3218 3169 3126 3104 3084 3067 3038 3022 3016 3016 3025 3056 3095 3124 3161 3209 3243 3264 3293 3338 3392 3429 3416 3395 3376 3366 3358 3352 3342 3333 3327 3316 3302 3290 3283 3272 3262 3246 3229 3217 3198 3183 3167 3153 3144 3131 3121 3112 3110 3098 3082 3071 3063 3050 3038 3034 3038 3052 3061 3069 3074 3083 3086 3094 3116 3145 3177 3208 3243 3272
3574 3574 3571 3569 3555 3516 3476 3434 3412 3381 3353 3325 3295 3255 3206 3161 3131 3110 3094 3078 3039 3018 3018 3017 3026 3062 3101 3133 3176 3218 3244 3270 3299 3343 3405 3439 3430 3406 3388 3382 3370 3359 3351 3346 3340 3333 3326 3317 3313 3310 3298 3276 3259 3240 3221 3203 3191 3176 3160 3146 3132 3121 3116 3107 3095 3083 3072 3055 3049 3050 3054 3068 3073 3081 3082 3087 3092 3100 3115 3136 3165 3202 3240 3275
3594 3588 3577 3570 3552 3532 3506 3467 3427 3392 3353 3311 3269 3222 3176 3152 3127 3106 3085 3062 3034 3017 3012 3011 3026 3062 3106 3153 3199 3228 3257 3291 3318 3349 3409 3450 3440 3419 3404 3393 3383 3374 3367 3363 3356 3351 3346 3337 3327 3321 3310 3287 3264 3242 3223 3209 3191 3171 3150 3138 3128 3126 3122 3113 3101 3092 3084 3067 3067 3071 3077 3088 3093 3098 3099 3098 3099 3105 3118 3133 3158 3188 3225 3264
3591 3578 3566 3554 3534 3515 3494 3467 3426 3383 3322 3270 3230 3198 3172 3145 3118 3098 3077 3061 3035 3023 3014 3011 3024 3064 3108 3156 3200 3232 3270 3304 3336 3359 3401 3443 3439 3430 3419 3408 3396 3389 3383 3376 3371 3364 3353 3340 3328 3316 3301 3282 3262 3241 3223 3212 3197 3177 3158 3146 3135 3131 3134 3129 3120 3104 3090 3077 3079 3088 3098 3108 3122 3128 3121 3117 3116 3121 3133 3154 3168 3185 3214 3243
3571 3560 3546 3533 3511 3486 3457 3430 3397 3341 3285 3253 3231 3208 3184 3159 3133 3109 3078 3057 3038 3027 3014 3014 3032 3067 3105 3154 3199 3240 3279 3319 3345 3377 3407 3436 3452 3445 3436 3427 3418 3413 3404 3395 3385 3371 3358 3344 3334 3319 3303 3288 3269 3248 3233 3221 3208 3195 3184 3171 3158 3156 3160 3153 3135 3105 3085 3078 3085 3102 3111 3125 3143 3156 3149 3143 3140 3142 3156 3176 3192 3200 3211 3229
3555 3541 3522 3504 3478 3450 3421 3392 3361 3322 3295 3273 3245 3216 3190 3168 3138 3105 3076 3062 3042 3024 3013 3018 3050 3092 3135 3183 3235 3281 3332 3379 3412 3446 3471 3480 3477 3475 3465 3450 3440 3433 3422 3411 3397 3381 3367 3357 3345 3330 3312 3294 3278 3263 3250 3239 3223 3209 3198 3187 3178 3178 3175 3156 3128 3100 3085 3080 3095 3115 3125 3139 3163 3179 3171 3167 3163 3167 3179 3192 3201 3213 3222 3233
3556 3533 3507 3481 3454 3434 3409 3389 3365 3338 3303 3273 3232 3201 3179 3152 3116 3088 3074 3062 3048 3032 3027 3042 3071 3110 3164 3212 3267 3317 3366 3413 3464 3501 3518 3521 3511 3500 3490 3476 3459 3448 3437 3427 3413 3396 3385 3373 3355 3341 3326 3308 3291 3272 3251 3231 3218 3205 3197 3191 3183 3184 3175 3152 3121 3099 3084 3085 3105 3125 3138 3158 3182 3197 3193 3188 3187 3189 3199 3215 3219 3226 3235 3242
3561 3537 3510 3485 3466 3446 3422 3398 3370 3334 3295 3260 3220 3201 3177 3141 3101 3074 3066 3054 3046 3042 3052 3065 3089 3126 3177 3239 3291 3336 3381 3436 3493 3538 3553 3547 3537 3524 3513 3498 3480 3462 3448 3436 3422 3410 3404 3390 3375 3361 3347 3320 3293 3266 3248 3230 3218 3209 3201 3193 3188 3187 3176 3148 3118 3103 3090 3096 3115 3142 3160 3177 3201 3221 3216 3210 3210 3208 3214 3221 3229 3240 3249 3257
3565 3528 3512 3498 3482 3465 3442 3411 3378 3344 3312 3265 3224 3198 3165 3121 3076 3049 3047 3045 3042 3053 3072 3091 3110 3137 3191 3249 3305 3352 3398 3462 3517 3557 3573 3571 3558 3542 3526 3516 3498 3480 3465 3449 3439 3429 3422 3409 3397 3377 3353 3324 3299 3271 3246 3228 3219 3211 3204 3197 3193 3194 3175 3142 3118 3105 3101 3111 3135 3166 3186 3201 3218 3239 3245 3236 3228 3228 3230 3234 3241 3251 3266 3276
3562 3540 3520 3502 3489 3471 3451 3425 3400 3363 3314 3257 3222 3183 3138 3092 3057 3044 3041 3043 3058 3081 3097 3115 3134 3159 3197 3247 3307 3361 3428 3480 3532 3569 3586 3582 3574 3562 3546 3533 3518 3503 3487 3471 3459 3448 3430 3415 3403 3376 3347 3324 3301 3272 3244 3229 3221 3217 3212 3205 3204 3208 3188 3148 3119 3110 3106 3123 3150 3181 3207 3219 3232 3252 3260 3253 3251 3250 3252 3256 3262 3274 3288 3299
3560 3544 3529 3514 3500 3480 3462 3442 3413 3358 3307 3249 3220 3173 3124 3072 3052 3050 3048 3048 3070 3103 3130 3144 3166 3195 3226 3261 3312 3364 3422 3478 3533 3581 3602 3604 3595 3582 3563 3549 3531 3516 3500 3482 3465 3447 3423 3398 3376 3352 3328 3299 3277 3254 3238 3232 3230 3227 3221 3214 3220 3225 3203 3163 3135 3118 3112 3127 3156 3193 3224 3238 3252 3273 3280 3276 3272 3272 3276 3281 3286 3297 3309 3314
3560 3547 3540 3525 3514 3495 3482 3463 3426 3351 3289 3249 3211 3160 3107 3063 3048 3050 3051 3051 3074 3115 3147 3172 3193 3225 3261 3296 3336 3386 3437 3497 3559 3601 3621 3616 3601 3585 3569 3549 3530 3514 3499 3476 3455 3436 3412 3384 3358 3331 3308 3281 3265 3253 3248 3244 3242 3240 3233 3230 3237 3238 3220 3175 3140 3120 3117 3132 3162 3206 3237 3257 3274 3294 3305 3305 3299 3301 3303 3305 3309 3318 3326 3331
3568 3555 3545 3536 3526 3510 3493 3456 3405 3346 3287 3245 3195 3147 3090 3057 3046 3051 3051 3059 3101 3139 3178 3209 3235 3264 3300 3340 3380 3423 3474 3537 3589 3623 3624 3610 3595 3578 3565 3544 3527 3508 3489 3471 3452 3430 3411 3389 3364 3335 3313 3298 3287 3278 3270 3260 3256 3253 3250 3247 3251 3249 3232 3187 3146 3126 3123 3140 3175 3221 3255 3274 3292 3314 3329 3336 3331 3329 3327 3329 3331 3333 3336 3338
3575 3566 3553 3539 3509 3479 3458 3418 3377 3328 3279 3228 3182 3133 3077 3053 3048 3051 3056 3080 3125 3165 3213 3247 3270 3302 3340 3379 3420 3470 3514 3570 3618 3630 3620 3608 3593 3572 3559 3543 3529 3511 3493 3472 3455 3434 3419 3403 3384 3364 3350 3338 3323 3307 3293 3282 3278 3274 3268 3265 3266 3261 3242 3195 3155 3135 3135 3150 3188 3238 3275 3291 3307 3330 3349 3362 3361 3356 3351 3351 3356 3356 3352 3349
3583 3578 3563 3535 3484 3435 3401 3360 3329 3293 3250 3205 3166 3122 3079 3055 3046 3047 3061 3095 3136 3183 3235 3275 3311 3338 3384 3427 3473 3515 3559 3601 3630 3631 3622 3609 3593 3577 3563 3549 3536 3518 3498 3481 3463 3445 3431 3418 3406 3399 3389 3370 3351 3330 3317 3310 3302 3295 3284 3282 3282 3273 3244 3195 3159 3148 3148 3166 3204 3249 3286 3304 3322 3342 3367 3382 3388 3384 3379 3380 3377 3376 3368 3363
3589 3579 3561 3531 3495 3444 3405 3353 3302 3251 3214 3181 3146 3106 3066 3053 3053 3051 3065 3111 3153 3204 3255 3298 3342 3383 3427 3459 3505 3556 3600 3630 3640 3637 3630 3613 3598 3583 3571 3554 3539 3525 3507 3490 3472 3460 3450 3436 3434 3431 3419 3397 3367 3351 3341 3332 3324 3311 3296 3295 3294 3280 3237 3192 3164 3155 3162 3188 3226 3266 3298 3314 3328 3350 3375 3399 3410 3407 3402 3401 3395 3392 3382 3372
3568 3555 3541 3522 3490 3459 3424 3363 3318 3233 3207 3164 3125 3095 3066 3052 3051 3049 3066 3124 3173 3226 3282 3327 3378 3418 3451 3488 3525 3567 3616 3647 3653 3648 3636 3618 3606 3591 3577 3560 3547 3533 3517 3504 3488 3475 3463 3457 3457 3462 3442 3412 3385 3368 3356 3343 3332 3320 3311 3305 3301 3277 3237 3197 3168 3160 3173 3201 3234 3269 3300 3317 3328 3345 3373 3399 3415 3418 3421 3416 3410 3404 3398 3391
3528 3516 3500 3482 3462 3438 3403 3361 3301 3241 3210 3157 3113 3081 3064 3056 3051 3059 3091 3145 3196 3260 3311 3355 3401 3445 3477 3510 3538 3574 3633 3665 3667 3657 3649 3632 3613 3599 3588 3573 3551 3537 3526 3515 3504 3491 3479 3475 3470 3464 3443 3417 3393 3377 3362 3348 3334 3324 3319 3312 3301 3266 3236 3202 3174 3169 3184 3209 3239 3272 3303 3321 3333 3345 3364 3387 3407 3423 3432 3432 3429 3428 3422 3418
3494 3474 3458 3441 3425 3392 3362 3311 3261 3221 3185 3142 3111 3073 3059 3054 3055 3067 3108 3158 3212 3261 3315 3364 3405 3443 3486 3524 3550 3585 3632 3665 3676 3666 3655 3646 3629 3613 3600 3580 3565 3551 3541 3527 3519 3509 3498 3490 3476 3459 3440 3421 3403 3384 3363 3348 3338 3330 3324 3316 3296 3261 3236 3203 3179 3178 3196 3222 3253 3286 3310 3326 3336 3350 3362 3382 3403 3423 3443 3454 3455 3455 3450 3443
3466 3444 3426 3409 3393 3363 3326 3278 3231 3195 3163 3136 3112 3088 3067 3062 3059 3076 3112 3157 3209 3254 3306 3352 3391 3434 3473 3514 3547 3586 3624 3663 3683 3676 3667 3660 3650 3635 3616 3603 3587 3574 3561 3545 3532 3523 3512 3500 3483 3462 3444 3430 3412 3390 3364 3351 3339 3333 3325 3315 3290 3261 3238 3206 3190 3193 3211 3238 3271 3300 3319 3336 3348 3361 3374 3392 3414 3437 3460 3475 3481 3480 3474 3465
3445 3423 3402 3380 3363 3340 3312 3281 3238 3203 3165 3134 3114 3087 3067 3061 3062 3078 3114 3163 3213 3262 3302 3338 3375 3415 3462 3500 3544 3587 3631 3673 3699 3703 3694 3682 3676 3658 3643 3625 3610 3599 3586 3563 3547 3535 3522 3504 3487 3470 3453 3435 3410 3385 3362 3349 3340 3336 3330 3318 3288 3261 3228 3202 3196 3203 3225 3257 3287 3313 3333 3345 3359 3368 3383 3405 3430 3453 3473 3495 3510 3502 3491 3485
3423 3403 3379 3363 3352 3351 3348 3322 3266 3212 3166 3136 3113 3083 3064 3059 3064 3081 3118 3179 3241 3287 3323 3348 3379 3416 3453 3495 3541 3591 3632 3672 3705 3723 3720 3708 3698 3681 3666 3652 3637 3618 3603 3582 3562 3544 3528 3506 3492 3474 3456 3428 3401 3379 3361 3352 3344 3339 3336 3318 3289 3259 3221 3205 3206 3216 3242 3273 3296 3318 3342 3361 3373 3385 3402 3424 3446 3467 3490 3510 3521 3514 3512 3510
