tutorials/large_scale_LEM/DEMData/SRTMGL3_39.5_-106_40_-105.5.asc
ncols        600
nrows        600
xllcorner    -106.000416666683
yllcorner    39.500416666671
cellsize     0.000833333333
NODATA_value 0
[rows 304 to 341 of 600, columns 252 to 335 of 600]
3960 3949 3943 3933 3920 3909 3901 3896 3889 3882 3864 3837 3806 3771 3733 3701 3673 3649 3625 3611 3606 3600 3590 3580 3574 3568 3566 3564 3563 3560 3565 3584 3605 3619 3635 3643 3643 3643 3641 3628 3611 3598 3586 3572 3560 3548 3531 3526 3513 3484 3478 3498 3518 3520 3519 3514 3507 3498 3483 3460 3431 3399 3375 3355 3340 3326 3319 3324 3339 3355 3378 3390 3378 3356 3336 3318 3307 3307 3315 3332 3333 3323 3303 3282
3927 3918 3911 3900 3893 3888 3881 3881 3877 3871 3856 3838 3813 3780 3747 3710 3676 3645 3616 3599 3589 3583 3573 3562 3551 3546 3540 3539 3539 3531 3524 3527 3552 3580 3599 3606 3611 3612 3608 3593 3577 3565 3551 3536 3523 3513 3507 3509 3510 3512 3520 3540 3554 3560 3563 3557 3536 3509 3478 3451 3424 3404 3384 3368 3355 3349 3348 3354 3365 3374 3386 3391 3372 3350 3329 3309 3293 3281 3282 3289 3292 3283 3265 3239
3886 3884 3877 3869 3863 3860 3854 3854 3859 3858 3855 3848 3838 3811 3776 3735 3702 3666 3637 3610 3591 3580 3567 3558 3546 3539 3528 3524 3520 3511 3500 3494 3505 3537 3565 3573 3583 3587 3580 3560 3545 3533 3520 3504 3490 3483 3476 3477 3483 3495 3511 3525 3543 3553 3560 3549 3527 3498 3467 3440 3418 3404 3392 3382 3373 3369 3368 3372 3382 3390 3396 3397 3377 3355 3335 3309 3287 3267 3250 3246 3245 3246 3237 3210
3848 3847 3841 3833 3827 3824 3821 3824 3828 3833 3842 3843 3840 3816 3791 3754 3719 3682 3651 3631 3614 3592 3574 3557 3545 3532 3521 3515 3507 3497 3489 3477 3470 3489 3516 3536 3546 3555 3552 3537 3522 3506 3490 3476 3467 3457 3451 3452 3456 3464 3478 3494 3512 3525 3532 3519 3494 3467 3446 3426 3412 3402 3395 3387 3382 3379 3383 3388 3400 3408 3412 3401 3383 3366 3344 3319 3295 3266 3236 3211 3198 3199 3201 3192
3804 3795 3786 3783 3779 3779 3778 3785 3795 3806 3819 3826 3835 3834 3803 3776 3742 3710 3686 3665 3643 3617 3594 3570 3552 3532 3517 3509 3499 3488 3481 3469 3453 3458 3478 3498 3511 3523 3522 3516 3502 3486 3470 3454 3442 3431 3425 3422 3425 3433 3450 3469 3489 3507 3506 3487 3464 3442 3427 3413 3402 3394 3388 3386 3386 3389 3395 3407 3419 3427 3426 3406 3383 3365 3346 3321 3297 3266 3232 3197 3165 3155 3157 3166
3758 3742 3729 3723 3726 3728 3731 3741 3756 3769 3779 3790 3804 3807 3800 3784 3757 3725 3704 3678 3652 3628 3607 3585 3565 3545 3519 3498 3487 3482 3474 3464 3456 3451 3452 3464 3477 3487 3493 3492 3487 3470 3452 3432 3415 3403 3393 3392 3400 3411 3432 3453 3478 3493 3487 3464 3437 3419 3406 3396 3385 3381 3379 3381 3386 3392 3404 3415 3427 3428 3421 3403 3380 3358 3334 3305 3275 3246 3215 3181 3146 3125 3120 3128
3737 3719 3690 3676 3676 3675 3681 3694 3712 3728 3739 3745 3755 3765 3773 3769 3758 3740 3725 3690 3674 3647 3625 3605 3576 3553 3524 3498 3484 3479 3467 3458 3449 3440 3436 3440 3440 3450 3454 3457 3449 3443 3426 3405 3385 3373 3363 3366 3374 3390 3412 3434 3454 3463 3455 3432 3411 3397 3386 3376 3369 3365 3364 3370 3377 3392 3406 3411 3411 3408 3404 3395 3378 3348 3322 3292 3256 3221 3184 3153 3129 3108 3098 3098
3733 3714 3677 3654 3640 3642 3649 3655 3664 3670 3683 3699 3715 3725 3740 3746 3743 3740 3726 3707 3691 3672 3656 3634 3617 3585 3539 3497 3473 3471 3463 3451 3441 3430 3424 3419 3416 3416 3411 3406 3399 3394 3383 3369 3354 3344 3338 3341 3350 3367 3382 3396 3412 3418 3410 3395 3380 3371 3358 3352 3347 3347 3349 3359 3373 3389 3387 3375 3368 3369 3372 3372 3363 3339 3314 3284 3251 3207 3171 3145 3117 3094 3082 3072
3720 3698 3668 3637 3616 3619 3628 3627 3624 3623 3630 3651 3666 3684 3702 3718 3726 3725 3711 3697 3684 3673 3659 3642 3622 3595 3561 3503 3470 3460 3452 3443 3430 3415 3398 3391 3386 3380 3368 3358 3351 3346 3341 3333 3324 3322 3317 3314 3320 3334 3341 3354 3369 3372 3366 3358 3349 3340 3332 3322 3317 3322 3335 3349 3359 3355 3343 3328 3322 3323 3331 3340 3340 3326 3316 3293 3263 3215 3177 3145 3119 3091 3071 3051
3705 3686 3654 3624 3605 3606 3613 3612 3604 3597 3592 3601 3618 3642 3670 3685 3698 3699 3686 3668 3654 3643 3628 3613 3595 3561 3525 3486 3463 3445 3438 3425 3410 3396 3377 3362 3356 3347 3334 3327 3318 3313 3308 3304 3300 3294 3291 3288 3291 3297 3301 3312 3320 3325 3321 3319 3317 3312 3301 3288 3285 3299 3312 3315 3314 3301 3289 3278 3271 3274 3286 3298 3304 3301 3300 3288 3262 3221 3183 3147 3117 3091 3066 3043
3696 3677 3652 3618 3599 3597 3600 3599 3593 3588 3581 3575 3576 3592 3616 3634 3649 3655 3647 3626 3602 3593 3587 3579 3562 3525 3473 3448 3436 3419 3406 3388 3377 3366 3349 3336 3321 3316 3308 3298 3292 3285 3279 3272 3268 3264 3259 3257 3259 3262 3261 3263 3269 3270 3270 3272 3271 3273 3268 3248 3256 3272 3267 3258 3247 3239 3235 3227 3221 3223 3236 3243 3253 3262 3269 3256 3231 3204 3172 3137 3097 3068 3047 3024
3687 3676 3657 3624 3594 3587 3588 3589 3586 3579 3574 3567 3559 3557 3565 3578 3591 3596 3591 3561 3542 3538 3534 3520 3500 3455 3429 3409 3396 3387 3372 3358 3345 3334 3316 3305 3292 3279 3272 3263 3255 3247 3239 3236 3233 3225 3221 3223 3225 3222 3219 3218 3220 3222 3220 3219 3222 3221 3222 3213 3211 3213 3203 3194 3187 3182 3176 3171 3173 3176 3185 3195 3205 3214 3211 3203 3182 3156 3131 3097 3064 3038 3016 2991
3681 3670 3652 3624 3588 3578 3577 3578 3570 3565 3561 3555 3546 3542 3535 3532 3537 3539 3526 3497 3489 3485 3480 3465 3447 3417 3392 3379 3367 3354 3334 3325 3312 3296 3283 3271 3259 3245 3236 3225 3218 3211 3204 3204 3198 3193 3189 3189 3182 3178 3176 3176 3176 3172 3170 3171 3170 3169 3166 3158 3160 3154 3147 3136 3130 3125 3123 3124 3126 3126 3133 3143 3151 3162 3153 3132 3113 3093 3074 3051 3029 3005 2984 2969
3673 3653 3645 3620 3589 3577 3567 3559 3550 3545 3542 3529 3520 3519 3515 3506 3505 3502 3481 3457 3450 3446 3440 3425 3404 3381 3363 3345 3328 3311 3298 3290 3279 3266 3252 3239 3232 3222 3217 3207 3202 3201 3194 3188 3183 3180 3174 3172 3164 3159 3156 3151 3148 3142 3141 3139 3135 3129 3125 3126 3120 3112 3105 3097 3092 3090 3083 3082 3085 3088 3092 3095 3099 3098 3087 3075 3059 3043 3026 3009 2995 2979 2976 2975
3692 3660 3639 3614 3579 3569 3560 3551 3536 3527 3523 3513 3507 3503 3496 3484 3471 3458 3443 3428 3415 3404 3392 3374 3362 3345 3329 3306 3292 3277 3269 3263 3256 3244 3238 3233 3230 3227 3224 3219 3215 3213 3210 3207 3200 3196 3191 3184 3176 3169 3164 3161 3155 3149 3145 3139 3131 3125 3117 3119 3115 3108 3103 3097 3091 3084 3075 3072 3069 3064 3061 3059 3058 3050 3042 3031 3019 3005 2997 2992 2988 2988 2993 3000
3709 3682 3642 3613 3586 3566 3555 3548 3538 3519 3501 3494 3492 3484 3470 3457 3437 3422 3410 3388 3371 3357 3344 3332 3321 3308 3296 3283 3278 3269 3265 3263 3260 3259 3258 3258 3257 3263 3265 3256 3245 3249 3250 3242 3239 3233 3226 3219 3210 3205 3196 3186 3176 3167 3158 3151 3144 3142 3140 3147 3143 3136 3131 3124 3118 3108 3097 3088 3084 3068 3056 3051 3044 3038 3032 3028 3020 3009 3008 3014 3012 3023 3035 3047
3695 3688 3669 3646 3623 3597 3579 3565 3546 3529 3503 3479 3465 3451 3437 3421 3404 3385 3367 3346 3333 3323 3314 3309 3304 3298 3287 3281 3282 3282 3282 3281 3288 3295 3302 3315 3324 3328 3328 3316 3300 3287 3283 3284 3278 3277 3269 3268 3256 3246 3237 3221 3209 3198 3190 3188 3183 3178 3179 3180 3176 3174 3165 3160 3156 3155 3143 3130 3118 3100 3083 3068 3062 3061 3062 3053 3050 3054 3052 3055 3061 3069 3080 3089
3664 3664 3662 3655 3648 3630 3607 3576 3546 3521 3498 3477 3456 3430 3407 3387 3371 3359 3343 3334 3328 3323 3319 3316 3315 3310 3304 3307 3312 3312 3315 3325 3333 3346 3363 3377 3387 3395 3402 3399 3383 3353 3344 3340 3341 3332 3326 3318 3305 3289 3268 3247 3234 3226 3230 3224 3220 3216 3213 3211 3213 3212 3205 3200 3198 3198 3188 3186 3181 3163 3135 3111 3105 3103 3101 3097 3095 3098 3097 3101 3103 3104 3106 3112
3627 3630 3628 3623 3621 3616 3596 3560 3528 3495 3473 3455 3436 3414 3390 3372 3357 3347 3343 3343 3339 3338 3338 3334 3336 3336 3333 3338 3343 3354 3367 3382 3393 3405 3418 3435 3447 3455 3459 3458 3444 3422 3406 3390 3378 3373 3361 3349 3336 3317 3280 3257 3247 3254 3265 3261 3255 3249 3244 3245 3247 3246 3244 3245 3241 3233 3228 3225 3220 3213 3193 3170 3156 3140 3130 3131 3134 3134 3136 3132 3129 3132 3133 3138
3590 3593 3589 3586 3583 3573 3557 3536 3513 3488 3465 3437 3410 3387 3372 3361 3357 3356 3355 3356 3359 3359 3362 3362 3365 3364 3370 3377 3385 3402 3419 3437 3454 3464 3472 3483 3496 3501 3497 3486 3470 3452 3436 3415 3393 3369 3351 3335 3315 3292 3270 3265 3278 3296 3300 3296 3289 3280 3273 3268 3270 3269 3263 3262 3263 3259 3257 3251 3248 3245 3229 3211 3187 3166 3160 3157 3158 3155 3154 3154 3157 3158 3159 3159
3564 3564 3561 3559 3550 3540 3529 3515 3491 3463 3438 3408 3386 3371 3365 3366 3371 3374 3375 3376 3385 3391 3397 3400 3401 3410 3409 3418 3432 3450 3466 3484 3500 3509 3514 3520 3527 3520 3506 3491 3474 3454 3436 3411 3384 3365 3345 3325 3307 3299 3296 3300 3319 3333 3331 3323 3317 3307 3298 3290 3292 3289 3283 3275 3278 3277 3276 3272 3268 3257 3239 3225 3212 3201 3191 3182 3181 3178 3179 3180 3186 3189 3189 3188
3564 3551 3541 3532 3526 3515 3503 3485 3462 3432 3408 3390 3383 3379 3381 3386 3388 3392 3402 3418 3430 3434 3439 3438 3446 3455 3458 3468 3481 3495 3512 3525 3537 3548 3548 3544 3535 3522 3504 3486 3469 3450 3431 3414 3409 3396 3380 3363 3352 3344 3346 3349 3356 3360 3356 3347 3340 3336 3323 3313 3309 3304 3297 3290 3291 3292 3291 3290 3286 3270 3253 3243 3234 3221 3214 3212 3214 3210 3213 3210 3216 3220 3224 3228
3568 3550 3538 3524 3510 3493 3474 3453 3432 3409 3396 3393 3399 3401 3405 3407 3417 3434 3455 3471 3479 3483 3496 3505 3507 3513 3512 3531 3539 3543 3559 3574 3581 3584 3577 3562 3542 3524 3505 3481 3470 3458 3448 3442 3435 3426 3411 3401 3392 3390 3390 3386 3390 3388 3382 3372 3364 3358 3347 3329 3319 3314 3309 3304 3305 3309 3308 3311 3309 3291 3277 3266 3256 3247 3240 3238 3244 3250 3248 3247 3249 3254 3256 3264
3577 3556 3542 3529 3507 3480 3451 3434 3417 3410 3409 3418 3425 3427 3437 3445 3454 3477 3502 3518 3532 3543 3553 3562 3566 3568 3576 3578 3587 3586 3594 3609 3616 3604 3590 3572 3554 3533 3517 3501 3491 3482 3474 3467 3462 3453 3444 3436 3432 3426 3426 3425 3422 3417 3412 3405 3398 3391 3372 3343 3326 3326 3324 3325 3326 3326 3331 3336 3329 3307 3297 3285 3279 3272 3268 3267 3279 3287 3290 3285 3284 3285 3291 3295
3593 3568 3547 3523 3499 3473 3448 3435 3428 3430 3435 3444 3449 3455 3471 3481 3488 3508 3536 3554 3573 3586 3599 3615 3625 3634 3632 3620 3623 3614 3630 3640 3627 3609 3594 3576 3562 3544 3535 3522 3517 3508 3499 3492 3485 3481 3473 3469 3470 3464 3463 3459 3456 3453 3446 3436 3427 3410 3379 3354 3348 3350 3346 3343 3343 3347 3352 3353 3340 3324 3314 3308 3304 3298 3297 3302 3316 3330 3335 3330 3326 3329 3331 3334
3597 3575 3554 3526 3499 3471 3459 3451 3449 3453 3463 3471 3478 3488 3506 3519 3528 3542 3567 3590 3606 3631 3636 3653 3671 3684 3682 3673 3662 3661 3657 3643 3622 3610 3600 3590 3577 3567 3559 3547 3541 3534 3526 3518 3513 3510 3507 3506 3503 3504 3506 3500 3494 3489 3479 3464 3435 3397 3378 3372 3369 3368 3366 3360 3360 3366 3369 3366 3357 3343 3335 3329 3329 3328 3332 3340 3356 3367 3380 3383 3378 3379 3381 3381
3606 3587 3563 3538 3512 3486 3477 3477 3481 3487 3496 3501 3510 3526 3542 3557 3569 3578 3591 3614 3634 3655 3666 3679 3690 3703 3705 3706 3692 3679 3666 3652 3637 3626 3613 3606 3598 3592 3578 3572 3566 3559 3554 3545 3549 3544 3542 3543 3538 3534 3537 3536 3531 3524 3508 3477 3435 3403 3391 3385 3386 3385 3379 3374 3375 3383 3388 3385 3377 3366 3359 3357 3358 3359 3366 3378 3393 3411 3425 3430 3427 3426 3423 3426
3630 3604 3585 3563 3545 3523 3513 3507 3504 3506 3512 3522 3544 3564 3586 3598 3611 3608 3616 3627 3647 3666 3680 3696 3713 3727 3728 3719 3699 3690 3674 3663 3650 3642 3634 3623 3618 3619 3611 3607 3601 3596 3588 3580 3578 3576 3574 3577 3576 3570 3569 3573 3562 3541 3516 3483 3457 3431 3411 3404 3403 3400 3389 3383 3391 3404 3409 3409 3403 3396 3389 3390 3391 3394 3403 3417 3436 3455 3469 3475 3475 3473 3468 3470
3644 3620 3599 3582 3569 3557 3545 3533 3530 3531 3539 3552 3575 3601 3624 3636 3641 3644 3648 3649 3664 3677 3691 3705 3718 3732 3731 3723 3710 3694 3680 3670 3662 3658 3656 3651 3647 3647 3641 3638 3634 3627 3622 3615 3609 3608 3608 3610 3614 3608 3607 3605 3597 3573 3541 3506 3475 3448 3429 3420 3414 3410 3405 3399 3409 3424 3431 3433 3431 3426 3422 3421 3423 3426 3439 3459 3475 3493 3505 3509 3507 3504 3498 3500
3656 3634 3618 3596 3587 3578 3569 3561 3560 3560 3561 3577 3597 3619 3647 3661 3663 3663 3662 3664 3674 3686 3702 3712 3725 3735 3736 3729 3716 3703 3693 3688 3682 3684 3671 3676 3683 3680 3670 3669 3662 3659 3655 3652 3643 3637 3644 3648 3658 3651 3648 3640 3613 3591 3568 3537 3505 3469 3442 3425 3414 3413 3407 3411 3435 3451 3456 3455 3462 3462 3458 3452 3454 3459 3470 3490 3506 3523 3525 3520 3510 3501 3497 3493
3680 3655 3640 3619 3601 3604 3595 3593 3591 3595 3595 3603 3620 3638 3663 3676 3682 3678 3673 3676 3687 3694 3704 3719 3727 3733 3736 3732 3730 3717 3710 3708 3703 3707 3697 3702 3711 3710 3704 3705 3693 3693 3686 3683 3673 3676 3673 3680 3687 3687 3685 3674 3640 3616 3586 3557 3525 3493 3460 3434 3415 3411 3416 3429 3454 3473 3485 3490 3499 3501 3501 3493 3491 3490 3494 3507 3523 3534 3525 3513 3500 3485 3478 3472
3701 3684 3668 3663 3656 3644 3633 3624 3629 3632 3626 3631 3637 3652 3669 3678 3679 3680 3682 3686 3695 3704 3711 3720 3728 3738 3739 3734 3733 3727 3727 3716 3711 3716 3718 3725 3733 3733 3728 3726 3722 3718 3708 3711 3706 3696 3691 3708 3718 3723 3717 3693 3664 3643 3618 3580 3540 3507 3481 3456 3439 3430 3435 3450 3473 3498 3516 3528 3537 3544 3541 3535 3531 3529 3527 3540 3547 3540 3523 3506 3489 3473 3459 3451
3741 3728 3723 3705 3690 3688 3677 3667 3655 3662 3660 3660 3655 3663 3668 3673 3676 3681 3689 3693 3697 3710 3714 3717 3725 3737 3736 3735 3738 3728 3728 3723 3725 3718 3721 3729 3732 3732 3730 3724 3720 3722 3722 3714 3714 3713 3715 3726 3734 3739 3733 3710 3687 3660 3633 3592 3549 3516 3501 3486 3469 3468 3465 3472 3502 3532 3553 3566 3578 3588 3585 3580 3571 3567 3558 3556 3553 3542 3525 3504 3483 3467 3451 3436
3769 3755 3743 3735 3719 3711 3709 3707 3706 3701 3690 3681 3669 3666 3664 3658 3665 3676 3683 3689 3695 3705 3715 3722 3726 3734 3735 3734 3736 3728 3725 3723 3719 3717 3719 3717 3716 3714 3712 3707 3706 3709 3706 3702 3698 3701 3708 3718 3729 3741 3743 3724 3701 3676 3649 3618 3568 3531 3501 3493 3486 3485 3495 3516 3541 3571 3600 3612 3621 3624 3625 3613 3600 3592 3580 3569 3560 3543 3527 3503 3482 3465 3452 3436
3793 3785 3777 3770 3761 3754 3748 3735 3726 3705 3695 3675 3657 3640 3632 3634 3646 3661 3671 3681 3694 3706 3719 3727 3735 3740 3736 3739 3736 3730 3727 3723 3715 3714 3711 3707 3703 3699 3697 3694 3689 3684 3683 3679 3675 3677 3687 3697 3707 3717 3725 3724 3717 3701 3677 3648 3595 3543 3524 3519 3521 3530 3547 3569 3598 3623 3639 3648 3663 3663 3652 3634 3621 3605 3594 3583 3566 3549 3531 3514 3488 3470 3455 3436
3816 3803 3800 3787 3778 3760 3741 3722 3704 3688 3671 3645 3619 3598 3588 3599 3620 3642 3663 3677 3689 3704 3717 3730 3738 3745 3744 3740 3738 3733 3727 3726 3719 3713 3709 3701 3696 3689 3688 3682 3675 3668 3664 3657 3653 3656 3661 3670 3678 3685 3691 3695 3697 3694 3692 3670 3631 3601 3583 3576 3573 3583 3603 3623 3642 3662 3672 3687 3687 3682 3664 3645 3631 3615 3605 3594 3573 3556 3538 3520 3498 3484 3462 3444
3834 3824 3807 3782 3752 3723 3697 3676 3653 3637 3623 3610 3587 3571 3563 3579 3607 3633 3656 3675 3690 3710 3727 3733 3741 3747 3751 3744 3740 3742 3734 3728 3721 3712 3708 3705 3697 3689 3683 3671 3665 3656 3649 3641 3636 3634 3637 3642 3648 3653 3659 3664 3666 3669 3679 3688 3677 3667 3652 3645 3637 3633 3653 3667 3685 3698 3705 3709 3707 3692 3671 3653 3644 3627 3616 3604 3587 3570 3548 3529 3509 3493 3476 3457
3838 3804 3773 3735 3700 3670 3653 3630 3612 3602 3598 3587 3574 3561 3554 3573 3600 3623 3650 3676 3691 3713 3729 3743 3756 3761 3760 3765 3759 3757 3749 3737 3730 3722 3711 3701 3697 3687 3679 3669 3659 3646 3628 3615 3616 3615 3610 3611 3615 3619 3626 3630 3637 3641 3653 3668 3673 3681 3685 3685 3686 3685 3697 3707 3720 3727 3736 3732 3722 3698 3681 3668 3658 3641 3628 3614 3600 3586 3564 3543 3522 3501 3487 3468
