tutorials/large_scale_LEM/DEMData/SRTMGL3_39.5_-106_40_-105.5.asc
ncols        600
nrows        600
xllcorner    -106.000416666683
yllcorner    39.500416666671
cellsize     0.000833333333
NODATA_value 0
[rows 38 to 75 of 600, columns 84 to 167 of 600]
2931 2951 2965 2968 2962 2948 2930 2915 2897 2878 2865 2864 2852 2832 2808 2792 2790 2786 2779 2776 2773 2770 2764 2765 2772 2772 2766 2761 2757 2750 2743 2738 2732 2731 2729 2722 2713 2703 2695 2688 2679 2672 2664 2657 2650 2645 2642 2642 2648 2651 2649 2647 2646 2642 2638 2635 2630 2624 2619 2614 2610 2607 2610 2615 2619 2622 2617 2629 2635 2636 2639 2639 2638 2637 2634 2628 2627 2623 2622 2620 2616 2612 2609 2609
2938 2964 2985 2989 2982 2968 2949 2933 2920 2910 2903 2898 2872 2836 2818 2818 2815 2804 2796 2790 2786 2781 2777 2778 2780 2780 2773 2765 2756 2753 2746 2743 2741 2735 2725 2711 2701 2691 2681 2673 2665 2658 2652 2650 2647 2645 2643 2638 2637 2637 2636 2634 2632 2630 2628 2624 2619 2617 2616 2615 2612 2615 2620 2625 2631 2633 2625 2637 2643 2643 2643 2641 2639 2636 2632 2625 2625 2627 2623 2619 2615 2612 2610 2608
2949 2975 3002 3014 3010 2998 2982 2967 2956 2950 2936 2917 2879 2849 2847 2851 2842 2828 2816 2808 2799 2794 2788 2787 2786 2780 2770 2761 2752 2746 2740 2734 2726 2712 2701 2693 2684 2673 2665 2656 2652 2646 2646 2647 2645 2642 2638 2634 2631 2628 2626 2624 2622 2624 2631 2635 2634 2634 2636 2637 2636 2634 2635 2637 2642 2642 2639 2647 2648 2648 2646 2644 2641 2637 2637 2634 2631 2628 2620 2619 2618 2617 2613 2613
2964 2990 3025 3047 3046 3037 3022 3008 2997 2983 2957 2928 2894 2881 2882 2874 2863 2848 2833 2824 2816 2808 2802 2790 2781 2772 2761 2752 2745 2734 2722 2712 2701 2694 2687 2678 2668 2660 2652 2649 2652 2651 2651 2649 2645 2644 2638 2636 2634 2633 2629 2628 2636 2645 2651 2650 2650 2651 2650 2653 2653 2651 2648 2647 2646 2643 2644 2650 2649 2649 2648 2646 2645 2642 2639 2637 2635 2629 2623 2622 2622 2620 2617 2614
2974 3005 3042 3074 3081 3073 3062 3054 3039 3013 2980 2952 2931 2919 2910 2890 2871 2854 2846 2844 2840 2829 2813 2791 2770 2753 2746 2737 2728 2715 2703 2692 2685 2680 2675 2667 2661 2657 2657 2660 2662 2663 2659 2652 2648 2647 2650 2651 2649 2644 2637 2641 2654 2665 2668 2665 2662 2660 2659 2660 2660 2657 2657 2652 2644 2643 2644 2651 2651 2648 2649 2650 2647 2644 2640 2638 2635 2630 2626 2625 2624 2623 2619 2616
2978 3008 3048 3091 3116 3116 3105 3084 3061 3029 2999 2977 2962 2945 2922 2896 2880 2877 2874 2870 2861 2837 2810 2785 2765 2743 2730 2721 2710 2699 2692 2682 2674 2670 2666 2664 2663 2663 2665 2671 2670 2668 2660 2656 2657 2660 2663 2662 2655 2645 2643 2656 2667 2675 2676 2672 2670 2667 2663 2661 2659 2656 2656 2651 2642 2642 2649 2653 2648 2648 2651 2650 2649 2646 2642 2639 2635 2629 2626 2628 2626 2624 2620 2617
2988 3015 3050 3095 3139 3141 3122 3098 3072 3044 3021 3001 2984 2956 2934 2916 2913 2908 2899 2887 2868 2841 2820 2805 2787 2756 2739 2727 2713 2701 2694 2685 2680 2678 2675 2671 2669 2669 2670 2676 2677 2673 2672 2673 2673 2674 2672 2668 2656 2648 2651 2664 2674 2676 2675 2673 2670 2667 2662 2657 2654 2651 2653 2656 2656 2653 2652 2654 2649 2649 2653 2651 2650 2647 2644 2641 2637 2630 2628 2629 2627 2622 2619 2612
2995 3023 3059 3095 3133 3144 3135 3115 3094 3069 3045 3020 2995 2974 2963 2951 2944 2934 2917 2898 2877 2859 2843 2826 2800 2770 2755 2741 2727 2708 2702 2699 2696 2691 2685 2679 2679 2675 2675 2678 2678 2680 2683 2682 2682 2680 2680 2675 2666 2657 2661 2672 2679 2679 2679 2677 2672 2666 2663 2660 2659 2661 2662 2663 2660 2657 2654 2656 2652 2653 2654 2651 2650 2645 2640 2636 2631 2625 2622 2622 2619 2617 2611 2606
3006 3032 3064 3101 3136 3159 3160 3139 3112 3085 3057 3033 3015 3004 2996 2982 2972 2959 2938 2920 2900 2884 2865 2839 2802 2772 2765 2763 2744 2724 2714 2709 2705 2696 2689 2689 2687 2681 2683 2687 2684 2688 2691 2689 2688 2686 2685 2681 2673 2664 2674 2684 2685 2680 2678 2676 2673 2669 2668 2672 2671 2670 2667 2666 2664 2662 2659 2658 2655 2655 2655 2651 2645 2639 2635 2630 2623 2618 2616 2614 2611 2608 2606 2605
3014 3040 3071 3108 3142 3174 3177 3153 3120 3091 3070 3054 3042 3032 3024 3014 2998 2981 2961 2944 2922 2898 2872 2849 2811 2784 2777 2772 2757 2737 2726 2719 2714 2706 2704 2699 2696 2697 2697 2695 2690 2693 2695 2698 2698 2698 2692 2682 2673 2673 2685 2690 2688 2686 2683 2680 2678 2676 2673 2674 2677 2677 2669 2666 2662 2662 2663 2660 2658 2658 2657 2653 2647 2643 2640 2635 2623 2619 2615 2612 2611 2608 2608 2605
3025 3051 3080 3117 3157 3187 3186 3161 3129 3108 3091 3080 3070 3057 3048 3033 3014 2994 2971 2949 2920 2893 2869 2853 2826 2806 2785 2770 2755 2745 2739 2731 2722 2715 2713 2716 2719 2717 2712 2707 2703 2704 2705 2706 2704 2699 2694 2684 2678 2686 2694 2694 2693 2692 2688 2685 2684 2681 2680 2679 2679 2677 2670 2666 2666 2664 2662 2661 2659 2660 2659 2657 2652 2645 2642 2634 2622 2618 2617 2614 2611 2609 2607 2605
3028 3058 3088 3125 3162 3196 3205 3185 3158 3139 3119 3108 3094 3077 3067 3044 3019 2987 2955 2936 2913 2894 2875 2853 2825 2803 2782 2769 2760 2757 2749 2738 2731 2731 2737 2742 2745 2743 2734 2726 2722 2718 2714 2712 2710 2704 2698 2687 2686 2694 2700 2699 2697 2696 2695 2690 2687 2687 2686 2682 2680 2676 2670 2665 2662 2659 2659 2660 2661 2661 2660 2659 2652 2641 2634 2625 2619 2618 2616 2613 2610 2609 2606 2604
3027 3057 3090 3131 3172 3209 3220 3207 3191 3177 3159 3140 3114 3090 3062 3035 3004 2975 2944 2923 2906 2891 2871 2842 2823 2810 2791 2776 2769 2761 2751 2749 2749 2750 2755 2758 2757 2750 2744 2736 2730 2725 2720 2716 2710 2703 2700 2697 2701 2705 2708 2707 2706 2704 2702 2697 2691 2690 2688 2685 2685 2685 2682 2677 2669 2669 2670 2668 2668 2664 2662 2658 2649 2634 2628 2625 2622 2618 2615 2614 2612 2610 2607 2605
3026 3058 3094 3135 3176 3216 3234 3225 3210 3195 3170 3143 3112 3082 3049 3021 2997 2972 2949 2930 2915 2904 2882 2855 2842 2822 2798 2781 2772 2764 2761 2769 2768 2766 2768 2768 2765 2753 2744 2737 2729 2719 2711 2710 2707 2705 2709 2714 2718 2722 2722 2719 2716 2714 2712 2709 2701 2700 2701 2700 2697 2694 2690 2685 2680 2679 2678 2673 2671 2669 2666 2658 2645 2633 2630 2626 2623 2620 2616 2614 2611 2610 2607 2605
3027 3060 3096 3134 3179 3219 3238 3226 3201 3180 3155 3130 3106 3079 3061 3041 3023 2996 2969 2952 2934 2922 2899 2875 2855 2822 2801 2788 2779 2775 2778 2785 2781 2778 2775 2770 2764 2754 2747 2739 2730 2723 2717 2716 2718 2719 2722 2728 2733 2734 2734 2731 2729 2726 2724 2723 2719 2717 2719 2714 2711 2705 2699 2693 2687 2684 2678 2672 2670 2668 2664 2656 2644 2635 2630 2626 2624 2620 2617 2616 2612 2611 2608 2606
3028 3060 3094 3131 3168 3205 3225 3220 3199 3176 3157 3141 3125 3107 3090 3073 3054 3027 3001 2972 2940 2918 2889 2857 2836 2817 2804 2796 2797 2801 2799 2797 2791 2784 2776 2769 2764 2759 2756 2749 2742 2735 2731 2730 2732 2733 2736 2738 2742 2745 2745 2744 2743 2740 2738 2736 2731 2729 2728 2724 2719 2714 2707 2698 2690 2683 2677 2676 2672 2666 2660 2652 2644 2637 2630 2627 2624 2619 2617 2615 2614 2610 2610 2607
3022 3049 3076 3107 3140 3168 3188 3198 3202 3199 3190 3178 3161 3140 3124 3097 3070 3035 3000 2965 2922 2892 2871 2863 2859 2848 2835 2822 2821 2815 2809 2805 2798 2790 2783 2778 2776 2772 2766 2760 2754 2748 2743 2743 2745 2747 2748 2747 2749 2751 2750 2749 2747 2744 2741 2740 2733 2730 2729 2728 2721 2713 2704 2696 2688 2682 2677 2675 2670 2663 2659 2651 2643 2637 2630 2627 2624 2623 2621 2618 2613 2610 2610 2606
3014 3034 3056 3080 3102 3126 3145 3161 3189 3219 3226 3211 3191 3169 3139 3103 3064 3035 2992 2953 2920 2907 2908 2909 2904 2885 2860 2846 2840 2832 2826 2817 2810 2804 2798 2792 2787 2779 2773 2767 2758 2754 2754 2755 2754 2753 2752 2751 2753 2754 2752 2748 2745 2743 2737 2732 2727 2723 2721 2720 2715 2703 2697 2692 2685 2679 2673 2673 2669 2663 2658 2651 2642 2639 2632 2630 2626 2624 2621 2619 2613 2611 2609 2608
3006 3025 3042 3060 3076 3093 3108 3129 3173 3220 3246 3228 3194 3158 3121 3088 3058 3020 2984 2959 2955 2955 2954 2943 2925 2905 2887 2876 2862 2846 2837 2828 2816 2807 2802 2797 2794 2789 2782 2773 2765 2760 2758 2758 2757 2755 2754 2752 2752 2751 2749 2745 2740 2734 2731 2728 2719 2714 2712 2711 2701 2691 2689 2689 2685 2681 2674 2671 2666 2661 2656 2649 2639 2640 2636 2636 2629 2624 2621 2617 2613 2614 2613 2609
3003 3020 3033 3046 3061 3075 3092 3114 3155 3205 3239 3231 3197 3159 3121 3088 3051 3022 3003 2995 2997 2998 2985 2964 2943 2924 2911 2895 2873 2849 2832 2825 2813 2800 2797 2796 2796 2793 2788 2776 2764 2755 2752 2752 2753 2751 2750 2747 2746 2747 2743 2738 2730 2724 2717 2716 2711 2705 2705 2700 2689 2682 2685 2687 2685 2680 2676 2673 2669 2663 2657 2647 2639 2638 2638 2641 2634 2629 2624 2620 2615 2613 2611 2609
3003 3017 3029 3037 3043 3056 3077 3101 3137 3177 3212 3217 3189 3158 3125 3096 3072 3058 3043 3032 3032 3029 3013 2990 2967 2942 2920 2898 2876 2845 2823 2806 2790 2781 2780 2786 2790 2785 2776 2768 2755 2743 2732 2738 2741 2742 2741 2739 2738 2739 2736 2728 2719 2711 2704 2706 2701 2696 2697 2690 2683 2682 2683 2684 2682 2679 2675 2670 2667 2660 2652 2644 2641 2638 2638 2640 2634 2628 2625 2621 2616 2613 2610 2614
2994 3008 3016 3021 3028 3040 3053 3073 3105 3147 3181 3205 3196 3166 3146 3130 3116 3100 3086 3075 3072 3054 3037 3015 2983 2945 2913 2885 2861 2845 2828 2812 2791 2772 2760 2761 2770 2770 2761 2753 2743 2736 2726 2727 2729 2729 2731 2728 2728 2728 2726 2722 2714 2705 2701 2702 2695 2689 2691 2691 2688 2686 2685 2682 2681 2676 2671 2669 2661 2649 2644 2639 2641 2637 2632 2631 2624 2621 2619 2616 2614 2616 2618 2626
2989 2995 3000 3006 3010 3024 3036 3047 3073 3114 3149 3182 3186 3166 3154 3151 3144 3128 3113 3103 3091 3068 3045 3020 2990 2954 2923 2903 2890 2874 2855 2833 2809 2786 2761 2749 2746 2745 2743 2734 2725 2718 2714 2713 2713 2714 2715 2715 2714 2711 2709 2707 2702 2699 2697 2691 2688 2684 2683 2684 2683 2680 2680 2678 2676 2672 2665 2660 2649 2641 2638 2636 2631 2624 2622 2620 2617 2618 2620 2622 2626 2632 2635 2642
2981 2981 2984 2984 2988 3005 3017 3026 3044 3079 3116 3140 3147 3140 3134 3130 3127 3119 3107 3092 3074 3052 3032 3011 2989 2962 2944 2932 2918 2899 2874 2843 2818 2794 2774 2760 2744 2736 2733 2729 2721 2716 2713 2713 2711 2708 2708 2707 2705 2701 2700 2696 2695 2691 2686 2684 2681 2676 2673 2671 2666 2663 2659 2658 2654 2653 2648 2641 2635 2630 2626 2625 2622 2621 2622 2619 2621 2630 2636 2641 2648 2651 2653 2654
2973 2971 2966 2963 2972 2988 2998 3010 3025 3051 3082 3103 3116 3116 3109 3103 3093 3084 3072 3060 3048 3030 3008 2991 2979 2968 2959 2952 2940 2918 2888 2857 2834 2810 2788 2772 2758 2753 2745 2736 2729 2726 2724 2726 2726 2725 2724 2723 2720 2716 2711 2710 2706 2701 2696 2693 2691 2686 2678 2676 2669 2661 2651 2643 2636 2637 2634 2631 2630 2629 2628 2629 2626 2625 2626 2624 2627 2640 2650 2656 2661 2664 2672 2678
2967 2960 2953 2951 2956 2966 2980 2987 2996 3018 3048 3073 3089 3095 3087 3067 3054 3041 3031 3022 3016 3006 2984 2962 2956 2955 2953 2949 2940 2920 2894 2867 2844 2823 2804 2787 2770 2756 2739 2728 2719 2715 2717 2723 2727 2727 2729 2726 2724 2718 2715 2712 2705 2695 2688 2683 2677 2669 2663 2656 2647 2642 2638 2637 2637 2639 2641 2640 2643 2647 2645 2644 2641 2635 2627 2631 2633 2646 2659 2669 2674 2679 2683 2685
2962 2956 2951 2941 2936 2944 2957 2966 2976 2995 3022 3052 3067 3069 3054 3030 3009 2998 2984 2982 2980 2969 2948 2926 2916 2918 2917 2925 2929 2921 2905 2884 2867 2851 2828 2804 2785 2771 2752 2731 2711 2704 2706 2714 2722 2725 2722 2717 2711 2706 2702 2694 2682 2676 2669 2664 2657 2650 2646 2643 2642 2643 2645 2647 2649 2651 2656 2656 2661 2665 2664 2659 2657 2646 2636 2633 2639 2651 2670 2681 2687 2686 2685 2683
2957 2944 2936 2928 2923 2929 2937 2947 2962 2979 3004 3026 3029 3022 3013 2996 2969 2950 2946 2946 2942 2928 2901 2881 2873 2874 2879 2897 2918 2928 2926 2913 2897 2874 2848 2826 2809 2794 2769 2736 2708 2698 2695 2699 2708 2710 2707 2699 2692 2688 2684 2676 2672 2665 2657 2653 2650 2649 2650 2653 2653 2652 2657 2661 2665 2674 2681 2683 2682 2678 2674 2667 2661 2651 2635 2636 2644 2660 2677 2684 2687 2687 2685 2686
2962 2940 2922 2910 2906 2908 2912 2922 2935 2954 2973 2985 2981 2973 2969 2953 2935 2912 2905 2906 2908 2895 2872 2850 2840 2840 2849 2868 2890 2910 2918 2919 2911 2887 2868 2847 2827 2803 2772 2745 2722 2707 2694 2688 2688 2689 2688 2682 2679 2673 2665 2661 2657 2655 2655 2657 2660 2665 2668 2669 2669 2671 2677 2681 2685 2692 2696 2694 2689 2680 2671 2666 2660 2649 2637 2639 2654 2673 2682 2688 2690 2691 2690 2691
2955 2940 2912 2893 2887 2893 2894 2899 2909 2923 2935 2940 2940 2939 2933 2914 2900 2881 2873 2872 2867 2858 2843 2828 2818 2815 2823 2836 2851 2865 2875 2875 2874 2865 2859 2840 2818 2800 2775 2755 2728 2706 2696 2691 2687 2681 2675 2673 2668 2661 2658 2657 2658 2662 2666 2670 2676 2684 2689 2694 2700 2699 2699 2699 2700 2700 2698 2695 2689 2679 2670 2664 2654 2644 2640 2654 2670 2682 2692 2693 2694 2694 2692 2692
2938 2909 2885 2870 2870 2873 2874 2878 2885 2891 2898 2903 2904 2900 2897 2883 2862 2848 2848 2846 2832 2826 2819 2801 2793 2790 2793 2795 2797 2806 2810 2812 2817 2816 2819 2815 2804 2783 2763 2749 2729 2698 2690 2685 2679 2672 2667 2664 2660 2659 2660 2665 2671 2673 2681 2691 2695 2703 2706 2709 2713 2712 2711 2707 2704 2702 2699 2693 2686 2678 2668 2658 2652 2646 2645 2664 2678 2687 2697 2698 2698 2695 2693 2693
2896 2870 2853 2848 2849 2848 2851 2856 2857 2860 2860 2861 2856 2851 2850 2839 2824 2810 2811 2810 2805 2799 2791 2779 2761 2757 2756 2745 2743 2744 2748 2751 2758 2758 2761 2768 2770 2759 2740 2728 2712 2693 2683 2675 2669 2667 2664 2664 2663 2666 2673 2682 2686 2689 2695 2703 2709 2715 2716 2719 2719 2718 2713 2709 2704 2699 2694 2686 2676 2668 2664 2658 2654 2648 2648 2667 2682 2692 2696 2697 2697 2696 2697 2697
2850 2838 2827 2825 2828 2829 2828 2834 2837 2832 2824 2816 2808 2802 2802 2793 2786 2778 2776 2782 2784 2780 2774 2758 2737 2727 2719 2712 2708 2704 2707 2708 2710 2710 2710 2718 2721 2715 2704 2699 2688 2681 2674 2673 2675 2676 2674 2679 2679 2683 2694 2701 2701 2701 2706 2713 2722 2728 2729 2733 2726 2719 2714 2708 2700 2693 2687 2681 2677 2672 2665 2658 2658 2655 2659 2673 2687 2694 2694 2693 2693 2698 2700 2699
2819 2807 2805 2806 2810 2811 2810 2810 2812 2805 2790 2778 2770 2763 2757 2750 2747 2750 2751 2748 2754 2756 2749 2740 2725 2712 2706 2711 2715 2713 2713 2708 2703 2697 2694 2690 2689 2689 2683 2679 2679 2676 2677 2686 2694 2695 2695 2698 2706 2715 2725 2729 2726 2721 2721 2731 2740 2743 2742 2738 2730 2720 2715 2711 2705 2699 2691 2685 2679 2671 2665 2656 2659 2666 2671 2682 2694 2700 2696 2696 2698 2701 2701 2699
2792 2787 2783 2786 2789 2788 2786 2781 2778 2772 2761 2751 2751 2749 2742 2734 2732 2731 2730 2725 2731 2738 2732 2725 2715 2713 2720 2726 2726 2725 2726 2726 2723 2716 2710 2706 2705 2701 2698 2696 2695 2683 2679 2692 2703 2708 2710 2709 2718 2728 2740 2749 2752 2747 2742 2746 2752 2753 2748 2741 2733 2722 2713 2708 2703 2696 2691 2686 2681 2669 2664 2671 2682 2686 2687 2693 2702 2704 2700 2701 2703 2703 2702 2699
2772 2771 2773 2771 2768 2771 2764 2754 2749 2746 2745 2748 2756 2757 2758 2757 2757 2750 2748 2740 2737 2741 2737 2729 2734 2750 2755 2754 2751 2745 2741 2738 2732 2728 2720 2716 2715 2716 2717 2715 2707 2691 2683 2691 2702 2712 2721 2722 2726 2734 2746 2757 2765 2767 2763 2757 2756 2754 2749 2741 2734 2725 2717 2710 2704 2698 2695 2689 2681 2671 2677 2694 2703 2711 2709 2711 2710 2704 2700 2701 2702 2703 2703 2700
2768 2770 2771 2768 2764 2758 2753 2748 2754 2761 2763 2771 2775 2775 2779 2781 2779 2778 2775 2768 2755 2751 2748 2754 2777 2791 2792 2787 2778 2763 2759 2756 2751 2747 2740 2731 2730 2731 2731 2725 2708 2691 2693 2703 2710 2715 2723 2731 2736 2743 2752 2761 2767 2770 2766 2754 2745 2741 2736 2730 2726 2723 2719 2713 2707 2700 2691 2681 2672 2679 2694 2707 2719 2727 2724 2719 2711 2704 2701 2699 2700 2703 2704 2702
2785 2781 2772 2768 2765 2760 2754 2754 2765 2780 2784 2789 2788 2791 2795 2795 2798 2798 2796 2786 2781 2773 2774 2790 2810 2817 2815 2802 2785 2775 2771 2765 2758 2754 2747 2738 2736 2738 2729 2718 2704 2698 2711 2729 2739 2739 2736 2740 2744 2750 2756 2763 2767 2767 2758 2744 2734 2728 2722 2715 2710 2708 2704 2700 2696 2690 2681 2677 2676 2686 2702 2716 2728 2730 2726 2720 2711 2705 2702 2700 2701 2701 2702 2702
