tutorials/large_scale_LEM/DEMData/SRTMGL3_39.9_-105.37_40.02_-105.25.asc
ncols        144
nrows        144
xllcorner    -105.370416666684
yllcorner    39.900416666671
cellsize     0.000833333333
NODATA_value 0
[rows 0 to 37 of 144, columns 0 to 83 of 144]
2104 2084 2088 2118 2130 2126 2111 2094 2079 2079 2084 2081 2054 2035 2027 2025 2026 2025 2028 2033 2030 2040 2054 2057 2050 2040 2026 2006 1983 1968 1961 1960 1956 1955 1943 1929 1925 1934 1940 1951 1966 1964 1953 1945 1936 1923 1908 1896 1882 1854 1818 1788 1777 1804 1846 1875 1905 1935 1951 1967 1975 1977 1973 1961 1941 1928 1913 1895 1873 1862 1861 1881 1897 1916 1934 1936 1926 1908 1880 1852 1827 1808 1787 1766
2080 2064 2067 2079 2089 2094 2084 2076 2066 2062 2060 2058 2056 2039 2026 2012 2003 2005 2013 2016 2015 2025 2039 2038 2035 2033 2031 2018 2002 1987 1982 1981 1973 1960 1948 1939 1943 1957 1968 1974 1972 1965 1951 1937 1924 1906 1905 1912 1898 1872 1842 1802 1774 1788 1831 1859 1890 1927 1933 1931 1934 1943 1944 1940 1940 1924 1899 1881 1859 1842 1835 1845 1862 1884 1904 1917 1921 1921 1914 1892 1859 1827 1799 1769
2076 2067 2060 2052 2053 2062 2057 2054 2049 2051 2057 2047 2039 2031 2013 2006 1998 1987 1994 2001 2009 2012 2026 2027 2020 2021 2027 2022 2013 2006 2000 1993 1975 1958 1949 1943 1952 1966 1983 1989 1983 1969 1952 1933 1921 1903 1890 1906 1903 1872 1842 1808 1777 1768 1792 1834 1870 1888 1889 1884 1890 1905 1911 1920 1928 1920 1895 1872 1851 1826 1811 1816 1833 1854 1868 1876 1881 1893 1902 1897 1872 1833 1808 1783
2085 2067 2061 2055 2045 2035 2032 2034 2029 2031 2040 2033 2024 2015 2003 1993 1991 1980 1983 1997 2005 2003 2006 2013 2007 2007 2016 2017 2006 2005 2002 1991 1979 1975 1974 1969 1965 1976 1979 1975 1971 1963 1943 1918 1899 1887 1870 1877 1891 1874 1842 1817 1788 1760 1769 1804 1840 1852 1849 1846 1858 1868 1877 1896 1905 1895 1875 1857 1840 1818 1796 1794 1821 1832 1832 1833 1839 1851 1871 1877 1873 1857 1843 1813
2086 2071 2077 2078 2057 2027 2019 2014 2013 2006 2008 2007 2003 1998 1992 1979 1975 1969 1970 1979 1986 1989 1997 1997 1991 1994 2005 2002 1996 1998 2000 1996 1989 1988 1995 1990 1981 1976 1965 1955 1952 1947 1934 1913 1889 1869 1853 1852 1868 1865 1838 1822 1802 1774 1762 1782 1800 1814 1817 1815 1824 1829 1841 1864 1869 1849 1829 1812 1801 1789 1766 1779 1811 1811 1797 1797 1809 1832 1853 1856 1845 1837 1830 1822
2092 2090 2097 2084 2060 2036 2039 2040 2031 2017 2008 1999 1994 1987 1986 1993 2003 1994 1978 1964 1966 1970 1978 1983 1978 1980 1990 1988 1981 1992 2002 2003 2003 2004 2005 2001 1979 1967 1960 1950 1940 1927 1916 1900 1882 1860 1840 1829 1838 1849 1830 1806 1794 1776 1757 1758 1770 1786 1790 1778 1778 1791 1815 1840 1839 1806 1776 1763 1755 1740 1728 1744 1779 1785 1773 1781 1810 1839 1856 1840 1814 1796 1793 1783
2099 2098 2090 2074 2063 2063 2064 2053 2035 2029 2033 2030 2024 2017 2020 2031 2029 2004 1979 1971 1963 1956 1964 1969 1966 1964 1976 1972 1974 1985 1994 1997 2001 2004 1999 1993 1986 1971 1963 1953 1938 1922 1905 1890 1880 1873 1860 1834 1818 1824 1820 1793 1771 1763 1762 1759 1753 1759 1763 1753 1748 1759 1790 1818 1825 1777 1742 1726 1733 1735 1722 1726 1755 1755 1756 1784 1809 1826 1829 1813 1792 1760 1739 1725
2117 2103 2086 2086 2093 2093 2080 2063 2051 2060 2070 2069 2059 2046 2038 2032 2024 2003 1990 1985 1970 1951 1949 1948 1945 1948 1959 1965 1974 1978 1984 1988 1997 1994 1979 1972 1970 1966 1955 1951 1942 1936 1916 1909 1906 1900 1878 1853 1827 1813 1796 1774 1763 1770 1783 1792 1786 1771 1766 1780 1769 1751 1762 1785 1793 1775 1737 1743 1772 1772 1730 1720 1725 1720 1745 1775 1779 1786 1788 1778 1752 1726 1693 1671
2114 2109 2107 2115 2122 2116 2094 2079 2081 2095 2103 2097 2077 2057 2040 2027 2016 2009 1999 1986 1977 1964 1954 1950 1940 1935 1950 1965 1973 1971 1979 1990 1993 1980 1963 1951 1951 1952 1944 1942 1948 1944 1939 1929 1915 1899 1882 1868 1857 1851 1836 1810 1789 1777 1768 1787 1818 1826 1817 1812 1797 1771 1748 1750 1757 1750 1739 1764 1796 1798 1761 1728 1713 1710 1729 1746 1740 1730 1732 1728 1718 1700 1674 1669
2140 2142 2146 2148 2152 2142 2123 2108 2113 2125 2130 2116 2095 2069 2056 2042 2028 2016 2005 1998 1990 1975 1962 1955 1944 1933 1946 1957 1964 1970 1984 1998 2002 1984 1963 1945 1933 1932 1928 1929 1947 1957 1954 1939 1921 1896 1876 1865 1861 1861 1855 1837 1815 1788 1769 1785 1826 1852 1851 1842 1833 1818 1797 1782 1766 1759 1771 1807 1833 1825 1789 1752 1725 1700 1710 1713 1697 1687 1686 1687 1688 1682 1674 1684
2182 2182 2189 2197 2195 2183 2161 2146 2149 2150 2149 2140 2124 2102 2086 2072 2053 2031 2018 2003 1990 1978 1962 1950 1937 1927 1937 1944 1955 1973 1993 2006 2015 1994 1972 1953 1936 1920 1911 1913 1932 1949 1960 1949 1934 1906 1884 1862 1845 1839 1834 1816 1789 1776 1779 1805 1853 1882 1884 1887 1880 1860 1841 1833 1816 1805 1819 1852 1863 1833 1785 1751 1729 1707 1700 1704 1710 1720 1720 1712 1701 1689 1697 1710
2223 2226 2233 2237 2236 2214 2194 2172 2154 2135 2131 2130 2121 2115 2116 2104 2077 2051 2031 2009 1992 1981 1969 1958 1944 1930 1925 1934 1955 1979 1997 2014 2023 2004 1978 1957 1944 1921 1905 1895 1909 1930 1942 1941 1930 1908 1886 1869 1855 1840 1822 1801 1775 1776 1797 1825 1866 1893 1902 1913 1907 1890 1883 1887 1878 1859 1869 1893 1881 1840 1805 1785 1763 1762 1768 1756 1757 1782 1786 1778 1766 1758 1761 1757
2249 2258 2256 2251 2234 2221 2206 2173 2133 2106 2090 2081 2078 2080 2092 2101 2088 2062 2034 2009 1989 1981 1984 1982 1976 1956 1933 1925 1941 1961 1975 1988 1999 1998 1970 1947 1928 1920 1906 1885 1888 1902 1912 1921 1915 1893 1874 1865 1848 1851 1846 1816 1780 1771 1784 1813 1855 1885 1897 1902 1901 1903 1914 1931 1938 1932 1936 1937 1913 1880 1848 1823 1810 1818 1814 1802 1815 1834 1838 1839 1827 1818 1806 1799
2240 2238 2223 2213 2199 2194 2186 2147 2114 2072 2048 2034 2028 2033 2049 2061 2065 2054 2028 1999 1977 1967 1977 1985 1987 1963 1937 1917 1916 1931 1932 1935 1956 1968 1948 1925 1908 1901 1903 1887 1869 1869 1883 1897 1896 1873 1852 1851 1826 1820 1820 1813 1788 1771 1783 1812 1847 1869 1867 1865 1869 1882 1908 1941 1968 1982 1999 1992 1954 1925 1897 1875 1871 1874 1866 1857 1873 1889 1897 1896 1887 1854 1836 1851
2192 2180 2162 2151 2137 2133 2139 2119 2086 2049 2019 1996 1991 1993 2005 2016 2027 2036 2020 1990 1964 1946 1957 1967 1956 1938 1918 1915 1911 1914 1907 1892 1910 1933 1929 1911 1893 1885 1894 1897 1878 1857 1853 1863 1863 1855 1836 1828 1806 1788 1786 1786 1783 1782 1787 1807 1836 1850 1842 1839 1845 1859 1885 1921 1951 1974 2000 2017 2012 1984 1960 1942 1938 1937 1922 1911 1924 1941 1937 1926 1904 1886 1881 1882
2132 2128 2114 2099 2083 2081 2087 2081 2054 2024 1998 1978 1963 1964 1968 1984 2003 2013 2005 1978 1950 1926 1926 1950 1944 1923 1900 1898 1912 1920 1907 1881 1890 1900 1898 1891 1883 1869 1875 1888 1889 1871 1836 1827 1823 1815 1811 1805 1792 1792 1808 1807 1807 1810 1795 1798 1815 1824 1828 1844 1861 1865 1870 1887 1911 1939 1973 2003 2028 2035 2032 2029 2014 1993 1972 1966 1969 1977 1966 1938 1922 1921 1916 1890
2077 2077 2074 2057 2040 2035 2045 2052 2036 2011 1978 1951 1936 1932 1935 1954 1975 1986 1977 1958 1935 1906 1898 1914 1915 1904 1884 1873 1877 1881 1878 1871 1886 1872 1854 1848 1853 1845 1845 1857 1865 1862 1849 1822 1800 1799 1797 1793 1789 1818 1837 1823 1834 1837 1815 1807 1817 1825 1842 1854 1863 1875 1896 1899 1903 1917 1939 1961 1997 2019 2042 2069 2070 2046 2023 2023 2027 2021 1989 1962 1966 1960 1935 1897
2030 2030 2030 2019 2006 2002 2017 2024 2012 1996 1963 1926 1908 1905 1912 1938 1954 1952 1941 1933 1916 1891 1867 1869 1868 1869 1862 1849 1847 1846 1848 1855 1854 1840 1836 1836 1834 1830 1825 1828 1836 1831 1831 1829 1802 1804 1824 1838 1848 1860 1853 1844 1858 1861 1837 1815 1821 1841 1862 1887 1896 1898 1916 1937 1945 1943 1943 1947 1966 1990 2013 2042 2069 2076 2075 2082 2080 2061 2040 2027 2028 2005 1970 1947
1991 1987 1985 1975 1971 1971 1990 1996 1980 1965 1942 1899 1881 1878 1895 1919 1925 1916 1906 1895 1883 1869 1864 1871 1868 1860 1851 1851 1859 1863 1848 1843 1846 1854 1858 1883 1898 1887 1856 1826 1820 1816 1816 1819 1807 1803 1839 1879 1892 1880 1860 1863 1881 1869 1838 1823 1825 1838 1869 1899 1918 1936 1951 1969 1985 1986 1984 1985 1982 1989 1997 2018 2045 2064 2080 2096 2101 2097 2086 2078 2068 2053 2033 2019
1981 1956 1942 1933 1925 1932 1950 1949 1930 1915 1904 1887 1892 1884 1877 1889 1886 1879 1874 1872 1876 1883 1899 1904 1887 1871 1878 1893 1913 1924 1912 1896 1880 1862 1884 1924 1948 1930 1903 1879 1856 1845 1836 1821 1823 1838 1875 1904 1913 1895 1883 1893 1897 1869 1851 1861 1864 1851 1856 1885 1909 1927 1948 1971 1992 1987 1981 1993 2009 2024 2026 2031 2042 2053 2066 2084 2097 2108 2108 2104 2101 2090 2081 2068
1986 1951 1924 1908 1907 1906 1911 1910 1907 1916 1909 1902 1919 1918 1901 1889 1895 1909 1914 1918 1929 1923 1913 1901 1885 1888 1913 1930 1937 1940 1916 1894 1879 1891 1924 1954 1976 1982 1962 1931 1896 1881 1884 1880 1882 1899 1920 1933 1926 1915 1920 1920 1900 1874 1870 1894 1902 1882 1860 1871 1884 1899 1917 1940 1963 1970 1964 1982 2000 2014 2028 2056 2077 2092 2099 2103 2113 2118 2111 2101 2095 2095 2087 2071
1964 1923 1911 1926 1942 1937 1927 1945 1961 1979 1974 1967 1984 1988 1977 1960 1961 1973 1975 1967 1950 1937 1940 1919 1891 1899 1928 1943 1934 1919 1894 1891 1906 1929 1944 1966 1985 1996 1977 1944 1925 1932 1938 1943 1942 1950 1955 1947 1942 1949 1955 1939 1911 1887 1895 1911 1907 1880 1866 1883 1893 1900 1906 1910 1934 1949 1945 1959 1977 2001 2021 2054 2087 2118 2131 2135 2134 2124 2113 2099 2087 2080 2071 2047
1945 1916 1932 1958 1962 1973 1995 2012 2030 2047 2045 2041 2050 2041 2020 2013 2000 1990 1979 1967 1962 1961 1948 1928 1909 1905 1923 1934 1927 1906 1906 1926 1947 1967 1982 1987 2004 2014 1995 1976 1975 1988 1988 1993 1997 1995 1978 1968 1981 1991 1983 1958 1922 1899 1909 1923 1915 1888 1881 1893 1915 1937 1939 1925 1920 1928 1935 1947 1961 1989 2020 2053 2090 2116 2131 2138 2136 2129 2120 2108 2075 2061 2058 2047
1925 1928 1959 1989 1994 1987 2010 2041 2066 2090 2093 2078 2062 2044 2028 2016 2008 2001 1994 1988 1985 1978 1961 1955 1942 1921 1908 1917 1913 1907 1926 1950 1972 1990 2003 2016 2030 2035 2019 2005 2021 2040 2042 2044 2044 2034 2009 2009 2017 2019 1998 1964 1932 1913 1925 1942 1922 1897 1888 1895 1907 1928 1957 1964 1957 1954 1965 1965 1964 1980 2009 2038 2071 2099 2124 2133 2128 2113 2101 2086 2067 2039 2027 2021
1964 1970 1994 2020 2040 2033 2027 2044 2075 2103 2106 2090 2070 2059 2053 2043 2032 2019 2019 2019 2007 1991 1980 1965 1948 1934 1921 1930 1931 1921 1925 1956 1989 2012 2033 2047 2054 2047 2028 2023 2044 2074 2088 2092 2088 2074 2049 2044 2052 2035 2009 1982 1954 1937 1947 1944 1919 1907 1909 1902 1913 1925 1946 1974 1991 2001 2008 2001 1984 1977 1996 2031 2067 2102 2119 2119 2115 2093 2066 2043 2020 2013 1998 1984
2029 2034 2051 2062 2077 2088 2084 2077 2091 2114 2121 2104 2089 2088 2087 2078 2060 2049 2047 2038 2024 2011 1989 1965 1941 1948 1947 1957 1962 1938 1930 1960 1989 2013 2036 2055 2063 2056 2038 2040 2046 2072 2101 2125 2133 2121 2097 2093 2084 2059 2032 2001 1967 1956 1964 1954 1930 1930 1926 1919 1942 1950 1946 1964 1996 2020 2032 2025 2003 1997 2008 2032 2064 2093 2100 2094 2082 2056 2025 1992 1973 1964 1947 1940
2067 2066 2090 2106 2115 2131 2130 2123 2127 2146 2146 2128 2116 2116 2114 2103 2089 2074 2047 2025 2009 1995 1974 1959 1963 1979 1984 1983 1973 1952 1937 1956 1983 2008 2037 2062 2073 2072 2060 2067 2076 2082 2105 2140 2156 2157 2142 2126 2104 2084 2048 2012 1987 1986 1984 1968 1952 1951 1945 1932 1954 1979 1980 1974 1989 2016 2038 2045 2027 2017 2022 2032 2053 2074 2079 2069 2048 2022 2003 1979 1958 1931 1915 1905
2108 2101 2121 2142 2166 2176 2175 2172 2167 2168 2168 2153 2133 2129 2135 2128 2103 2071 2035 2002 1983 1977 1973 1984 1991 1996 2004 2003 1992 1970 1949 1954 1980 2003 2037 2072 2097 2100 2088 2088 2101 2107 2115 2139 2151 2146 2135 2116 2095 2069 2042 2013 2003 2002 1996 1989 1979 1979 1964 1947 1969 2002 2020 2006 1998 2018 2044 2064 2060 2044 2047 2055 2061 2065 2057 2042 2035 2035 2035 2020 1972 1933 1913 1904
2147 2140 2163 2183 2197 2207 2204 2189 2176 2159 2150 2143 2124 2119 2130 2127 2105 2071 2033 2002 1996 2008 2017 2025 2026 2027 2035 2028 2006 1976 1954 1964 1994 2024 2046 2081 2114 2131 2124 2114 2127 2138 2141 2138 2139 2128 2116 2098 2083 2060 2044 2033 2030 2023 2020 2018 2007 1985 1963 1962 1990 2030 2054 2045 2020 2027 2047 2062 2074 2084 2081 2079 2073 2062 2047 2048 2052 2043 2021 2005 1979 1945 1944 1949
2200 2192 2203 2218 2223 2217 2206 2188 2172 2160 2138 2125 2112 2098 2095 2096 2093 2074 2050 2015 2007 2032 2057 2071 2070 2057 2045 2023 2003 1977 1960 1983 2020 2057 2084 2110 2137 2155 2156 2147 2162 2172 2167 2150 2137 2124 2109 2090 2082 2082 2084 2075 2066 2054 2042 2026 2006 1981 1982 1994 2016 2049 2074 2069 2051 2047 2067 2085 2095 2099 2094 2087 2080 2070 2059 2065 2070 2052 2030 2018 1997 1971 1984 1989
2237 2234 2237 2241 2239 2225 2209 2194 2178 2164 2149 2128 2114 2093 2070 2062 2054 2048 2030 2011 2028 2061 2088 2101 2088 2067 2041 2016 1993 1979 1970 1993 2031 2068 2098 2128 2149 2173 2187 2189 2193 2195 2183 2162 2141 2121 2114 2103 2097 2111 2123 2118 2094 2062 2039 2026 2015 2002 2006 2031 2049 2061 2089 2102 2091 2074 2089 2115 2127 2121 2116 2114 2100 2085 2070 2068 2078 2066 2060 2053 2028 2007 2012 2025
2242 2253 2252 2245 2234 2219 2201 2185 2169 2156 2143 2124 2111 2101 2086 2071 2048 2027 2029 2022 2033 2068 2093 2111 2101 2072 2044 2020 2000 1984 1972 1995 2029 2057 2084 2103 2128 2157 2183 2206 2218 2217 2201 2178 2159 2143 2130 2120 2119 2131 2147 2140 2107 2080 2073 2063 2048 2030 2038 2070 2090 2089 2108 2130 2137 2126 2129 2151 2155 2146 2144 2139 2118 2094 2068 2072 2091 2089 2090 2084 2061 2039 2027 2043
2235 2251 2256 2245 2234 2220 2203 2188 2172 2158 2152 2140 2131 2124 2110 2092 2060 2038 2048 2040 2036 2061 2086 2110 2114 2088 2059 2033 2018 2002 1985 1989 2014 2032 2057 2084 2112 2142 2171 2202 2227 2227 2214 2197 2179 2160 2137 2137 2149 2158 2174 2156 2126 2128 2122 2101 2073 2058 2082 2115 2127 2132 2145 2166 2177 2172 2169 2172 2173 2160 2146 2123 2103 2082 2073 2081 2099 2113 2122 2118 2088 2073 2049 2059
2228 2246 2251 2245 2232 2220 2209 2199 2191 2179 2169 2159 2150 2136 2124 2099 2071 2045 2049 2048 2050 2071 2083 2109 2125 2111 2077 2059 2038 2015 1994 1986 1999 2019 2042 2064 2091 2127 2160 2191 2221 2236 2231 2212 2183 2159 2144 2157 2172 2186 2197 2178 2157 2167 2165 2135 2098 2091 2119 2153 2180 2188 2196 2203 2203 2194 2178 2165 2151 2138 2119 2102 2089 2093 2103 2099 2100 2117 2136 2134 2107 2081 2067 2085
2241 2237 2229 2229 2218 2202 2196 2195 2192 2183 2168 2156 2148 2128 2120 2092 2070 2064 2073 2059 2062 2089 2102 2111 2124 2113 2084 2056 2032 2018 2010 2000 2002 2035 2070 2083 2091 2118 2158 2193 2222 2250 2251 2228 2195 2167 2151 2159 2180 2197 2205 2191 2183 2190 2182 2148 2127 2134 2157 2187 2220 2231 2226 2218 2206 2192 2172 2155 2140 2128 2123 2107 2101 2123 2142 2133 2118 2115 2126 2127 2107 2086 2084 2097
2254 2235 2217 2204 2197 2187 2174 2173 2175 2164 2148 2140 2135 2125 2107 2084 2090 2108 2103 2080 2072 2093 2114 2122 2118 2103 2078 2058 2054 2049 2031 2014 2007 2036 2072 2102 2124 2151 2180 2206 2243 2272 2265 2234 2203 2172 2159 2171 2190 2210 2213 2201 2197 2206 2197 2174 2154 2168 2197 2225 2239 2241 2231 2220 2208 2195 2183 2169 2154 2140 2122 2107 2125 2150 2161 2160 2145 2137 2129 2135 2120 2109 2125 2129
2253 2235 2215 2195 2175 2163 2157 2149 2146 2140 2131 2125 2119 2118 2110 2099 2114 2135 2127 2093 2078 2103 2121 2131 2127 2124 2109 2097 2088 2068 2051 2031 2018 2022 2054 2089 2124 2153 2177 2206 2238 2273 2268 2239 2205 2176 2173 2192 2214 2231 2231 2220 2212 2221 2221 2209 2194 2196 2226 2252 2257 2253 2245 2231 2224 2214 2201 2185 2167 2144 2119 2127 2153 2167 2171 2178 2171 2157 2148 2154 2138 2132 2154 2180
2247 2227 2204 2185 2174 2165 2160 2154 2153 2145 2140 2142 2136 2124 2110 2121 2144 2147 2129 2103 2093 2120 2150 2155 2155 2160 2152 2131 2107 2087 2066 2047 2039 2031 2050 2082 2112 2129 2146 2171 2206 2246 2266 2253 2220 2195 2181 2200 2226 2243 2247 2239 2232 2235 2242 2247 2236 2222 2241 2260 2264 2261 2249 2239 2232 2225 2204 2182 2163 2142 2129 2136 2147 2165 2182 2194 2190 2178 2174 2173 2150 2148 2180 2213
